3.078334988479482504e-01
2.949633989536792344e-01
3.026114582411545961e-01
2.868189191948961048e-01
2.774064054642420563e-01
2.357046510200106193e-01
2.262792584854466105e-01
3.104166562896724102e-01
2.941286017569612055e-01
2.826479929634421184e-01
2.829451042800684712e-01
2.622077914870101778e-01
2.715355742262242633e-01
2.621413184086858195e-01
3.108902493316627047e-01
2.676274289468943413e-01
2.408762569119549946e-01
2.770866473328401636e-01
2.453972455602622671e-01
2.326322536776330441e-01
2.894956284764125809e-01
2.944229328409787572e-01
2.709869006736136399e-01
2.534954894356119537e-01
2.411926553147249741e-01
2.757216755117993801e-01
2.305101376934238500e-01
2.809938351997243733e-01
2.672845356378685810e-01
2.534660253349167447e-01
2.452024137515368407e-01
2.285102718403134725e-01
2.410863107935006799e-01
2.374693063451959185e-01
1.990680464748969536e-01
2.011750550772322954e-01
1.907657487821249331e-01
1.630794458122293011e-01
2.356965006240517024e-01
1.973531629334114024e-01
2.014562368316236973e-01
1.695029351673559836e-01
1.506587501265903573e-01
1.540972611517854862e-01
1.884286187932683598e-01
1.830242921611034412e-01
1.900022134422053588e-01
1.735339942916567513e-01
1.722936011547190061e-01
1.746883635468895191e-01
1.500646184463343968e-01
1.515539438576822551e-01
1.508049641842344191e-01
1.424024844739341933e-01
1.531048327317843516e-01
1.271726317036733500e-01
1.385042169339277818e-01
1.297829413570293633e-01
1.259424453371882913e-01
1.217793424716209633e-01
1.626751531211937940e-01
1.170727128466717143e-01
1.137515506685348732e-01
1.088768165623077433e-01
9.699180461327602809e-02
9.877401610444537516e-02
1.022382174352277490e-01
1.057692981139257832e-01
1.024659014881659780e-01
1.000486152432592535e-01
2.112558029102859780e-01
2.314385236488048780e-01
2.276822250042006557e-01
2.281686936304672952e-01
1.724329098972416374e-01
1.647093228276715893e-01
1.581839960989883942e-01
1.559783181374957139e-01
1.657457676814610981e-01
1.491592416885632322e-01
1.521654354639909723e-01
1.746529314420866008e-01
1.539969555666018119e-01
1.452186635542484228e-01
1.395669142048072131e-01
1.355291658696246293e-01
1.483293497085023116e-01
1.416586114307878674e-01
1.218315874640703705e-01
2.091489650522615762e-01
2.169369612699834915e-01
1.983695251666441617e-01
1.681991378925151159e-01
1.585755395706162640e-01
1.400988139242471675e-01
1.647426936490988814e-01
1.333433930722163208e-01
1.184586391799645616e-01
1.117635911402909688e-01
1.068836008215186956e-01
1.496856883869127630e-01
1.461066482648852860e-01
1.261127000238591311e-01
1.153748505179340578e-01
1.297772940352028281e-01
1.231250410899898118e-01
1.157273016133331528e-01
1.134215323476788911e-01
1.034847636506777829e-01
1.019683128897909408e-01
1.458712305983635715e-01
1.281051344783138146e-01
1.301380165413121848e-01
1.202242722455629242e-01
1.128987438201296822e-01
1.140682312726571945e-01
1.154830012229977887e-01
1.175925240957308437e-01
1.021067428189716408e-01
1.117235456427486118e-01
1.075004349614775007e-01
9.589035985302148124e-02
1.187757744263037429e-01
1.143350901112729079e-01
1.133806083346787785e-01
1.161720114392872788e-01
1.184777026425835322e-01
9.265464499338918469e-02
7.450192116039144885e-02
8.663826040051750277e-02
8.163766808267387820e-02
8.710030187942220670e-02
8.400420809286500423e-02
7.661679838733100045e-02
7.743078516088731933e-02
7.185245283725312515e-02
6.509813075324043241e-02
6.451128915938274255e-02
1.028776049399070247e-01
9.087591098572919690e-02
9.243335265274077450e-02
9.543537684493440254e-02
9.069779528159720161e-02
7.693889213577474739e-02
7.055794983633578710e-02
7.647448546107861456e-02
7.762005867889847088e-02
7.493782817470379110e-02
8.001262247042431608e-02
8.184322622607841102e-02
7.478060383215720530e-02
7.178161345970682228e-02
7.701553218073106666e-02
7.129291087688242878e-02
6.716331680809591032e-02
6.963894025431555113e-02
5.936743913329906031e-02
6.150971480700918176e-02
5.993507628536696302e-02
6.013758827376818744e-02
5.593436199924533420e-02
6.739950124302312995e-02
6.758716256541347223e-02
7.652993035535993194e-02
7.107602442820559752e-02
7.220489494899472172e-02
7.800608721357910058e-02
7.283286304961293645e-02
5.738826210646860021e-02
5.821784276806356295e-02
5.212921872876079971e-02
5.194409092741874429e-02
5.632450458951646782e-02
6.106771234189766612e-02
5.466242899795206028e-02
6.580234159119137394e-02
6.561780613887172042e-02
6.343357235290120189e-02
5.880715134670495836e-02
6.210794726120552611e-02
4.921163073978512131e-02
5.252249028762273619e-02
4.957993276611338818e-02
4.741921417800500776e-02
4.172714170843213471e-02
4.136398228074136818e-02
5.027320311381781870e-02
5.183864916643240311e-02
4.574690373404982635e-02
4.249882018997145489e-02
3.845370048985692624e-02
3.133730204028213617e-02
3.558830852128502809e-02
4.414590533106790143e-02
4.564814451856943900e-02
3.801601685790278323e-02
4.143081477238690080e-02
4.300630036328348393e-02
3.234365188765311871e-02
3.015356615718017830e-02
3.481799611110934778e-02
3.178608665245043902e-02
3.873120659290914952e-02
3.916761331846517480e-02
3.716330532165940115e-02
2.852685236189244494e-02
1.135373941520257252e-01
9.887847033936066066e-02
9.705157633937147588e-02
9.705351906732369305e-02
9.842671194598077988e-02
8.117654006187970117e-02
7.769964119382291590e-02
8.193355250545487911e-02
7.524572895637433867e-02
7.073793928517953244e-02
6.896729425857502094e-02
7.032622834461807471e-02
5.882773035447187715e-02
6.741052850616338632e-02
5.475244857541975568e-02
6.439235353994389455e-02
5.136075947457283131e-02
5.934969027506012407e-02
5.233638056828196494e-02
5.359144585536650129e-02
5.994595620020551352e-02
4.627564975457633401e-02
9.039776554606092362e-02
7.746190527800315972e-02
7.941365094335865737e-02
7.883167548780736777e-02
9.181045733762605021e-02
8.956273472987170969e-02
8.790856303794773730e-02
7.395465031742545770e-02
7.418081654090880050e-02
7.201955055975464703e-02
7.445704878457658216e-02
6.075281151288063064e-02
5.406612036989840581e-02
6.298087613146040320e-02
5.754933073870427407e-02
4.513875439580361526e-02
4.558792728730175214e-02
4.213041171996666223e-02
6.330085246269480381e-02
5.362351100904064194e-02
4.490032120442802310e-02
4.452445164009224965e-02
4.887593730545170684e-02
4.858066092879718967e-02
5.370215934846322287e-02
4.808031487290161110e-02
4.717573304646349719e-02
4.799530194717308018e-02
5.532727470742128395e-02
5.821478716691157185e-02
5.715662873024309615e-02
4.310405993947759307e-02
4.855483526291934360e-02
5.147080812193619709e-02
4.155615690852598743e-02
4.421550746471963889e-02
3.776962968666357223e-02
4.469999999999946239e-02
4.351509903338476176e-02
3.318464575311828174e-02
2.592883481576604629e-02
3.339536520780400641e-02
3.300796060568547685e-02
3.805390875478779217e-02
3.630775742750249474e-02
3.367518360412607298e-02
3.051451491007173972e-02
3.013343689580041257e-02
2.173066075080772042e-02
2.488476050027204484e-02
2.262783991732598629e-02
3.098755872285198845e-02
3.204057374490775628e-02
2.707028497511344139e-02
2.779284123745066198e-02
2.456876202497576545e-02
2.343917105957497513e-02
2.024382563360296178e-02
2.400194579750939555e-02
2.873158788260940857e-02
2.264371424620044773e-02
2.500252483872247855e-02
2.305694332817695771e-02
2.628696026310836653e-02
2.139641322466984824e-02
1.390686724600415959e-02
1.608777571922287777e-02
2.001078848764213658e-02
2.164198631177343887e-02
1.851845909524658940e-02
1.386562393018801222e-02
2.361063890907807647e-02
1.256774422410230664e-02
1.468272320090902548e-02
2.051619446487969872e-02
1.872924886997794428e-02
1.591817113563836344e-02
1.456090458377307627e-02
1.576344214781210187e-02
1.177186344899257622e-02
6.031386170069547546e-03
2.909041479023263994e-03
1.134012707229643639e-02
1.030373363333280702e-02
9.410001510920761730e-03
1.288647284949906609e-02
1.199999999994910216e-03
6.343386266278881226e-03
7.743259437857957957e-03
8.952643699287016893e-03
9.623589217024892950e-03
1.380562117340049764e-02
8.986298330488433697e-03
4.820955562606936765e-03
2.064977686033845575e-03
3.708103439733735629e-02
3.277017450803210163e-02
3.120262071816437902e-02
4.174280802930561973e-02
3.968594502380636685e-02
3.834386506625766383e-02
3.509680821573794157e-02
2.961115710875231177e-02
2.898648486153727194e-02
4.057202260370511293e-02
2.174715580653616143e-02
1.530606020934631266e-02
2.871072094355866730e-02
2.716864683490148591e-02
2.596536055354908487e-02
2.570982527328120187e-02
2.412581362412266270e-02
2.377637626139937274e-02
1.973962480541883655e-02
1.932403821551848325e-02
1.739365475521387205e-02
1.728643255255589428e-02
1.531932794354890978e-02
1.683737958388676487e-02
1.640158630656936289e-02
1.717082249182409065e-02
2.750183852204174037e-02
3.913974484104130319e-02
3.991936314317268836e-02
3.848352999384426626e-02
3.625323724872998865e-02
3.257337610219784158e-02
2.988102300905380246e-02
2.726106117021925151e-02
2.752255701820822617e-02
2.532306146382848691e-02
2.715742267565993129e-02
2.555789958771932310e-02
3.108217889012656818e-02
2.755692076772990953e-02
2.912086381408868913e-02
2.594001743681197472e-02
2.781727746855843647e-02
1.262645962894345768e-02
4.012050022260872477e-03
1.220517502121720374e-02
1.656828530113593767e-02
1.061935110721445169e-02
1.170314155387976174e-02
1.293353980240661942e-02
8.729165260769125578e-03
5.760621520764144972e-03
7.902565383241428459e-03
9.693668050526854305e-03
1.463495642197447204e-02
1.272776378964260609e-02
7.248863935260571600e-03
6.444694723984399284e-03
5.797500548464576409e-03
6.138919201504628581e-03
9.382922311076000166e-03
8.823676937575080856e-03
1.980239512221046438e-02
2.265824783102825257e-02
1.529392589417369677e-02
2.286020766621642622e-02
2.155750412209371178e-02
2.351822334416203003e-02
1.853119359705433095e-02
1.911363288550609052e-02
2.591030081644381602e-02
2.672564594488725798e-02
1.997105714908303103e-02
2.189296359547734244e-02
2.345812516007178550e-02
1.685195827922524384e-02
2.511742466096237442e-02
1.938966456329000235e-02
2.529042732143993097e-02
3.117767414006065649e-02
2.507189138256738989e-02
2.827070034843919347e-02
2.655428263489569701e-02
3.579520405062924099e-02
2.164511191722461037e-02
2.453127808793015632e-02
2.815728930310472736e-02
1.983002517562577893e-02
3.360523971624049949e-02
2.886337234474045665e-02
3.350375313997467491e-02
3.445418830610486732e-02
2.732367484042688005e-02
2.869626371839875123e-01
2.503189099041963628e-01
2.333091738254344238e-01
2.073343622550593568e-01
2.034062184033715859e-01
2.395679761761886628e-01
2.093651446110275094e-01
2.015590665025027428e-01
2.663273066243139753e-01
3.094219311346362855e-01
2.214995474259842667e-01
2.312852227637755553e-01
2.183757286916097051e-01
2.598875040593645602e-01
2.711497018129142011e-01
2.799972199276465901e-01
2.675924170492877674e-01
1.903738374696824220e-01
1.950074397128306880e-01
2.192791228179712948e-01
2.323868537663243417e-01
2.477412118606288072e-01
2.460953455438992243e-01
2.329672078098575239e-01
2.153209051073333435e-01
2.153888751190617956e-01
2.385055556354648276e-01
1.630010473922216541e-01
1.660430963698281137e-01
1.574775401102909145e-01
1.588764472406568873e-01
1.473063092834746013e-01
1.419742827031315879e-01
1.727989654881886272e-01
1.743426712158117620e-01
1.919394327494822750e-01
1.477138336606914626e-01
1.538986042743836491e-01
1.832290837932862293e-01
1.760950226434121746e-01
2.036270894524968567e-01
2.061719324081601190e-01
2.125067735253796664e-01
2.309061341145732249e-01
2.531164564636844139e-01
2.636173716138771606e-01
2.888688534294919785e-01
2.999090511631001266e-01
2.771336761791191594e-01
2.598090672468527096e-01
2.851827209297561061e-01
2.538887852278678969e-01
2.759180799303342924e-01
2.729385327141699569e-01
2.968218385364481127e-01
3.107456226619427775e-01
4.077861803513190692e-02
5.308938930026323860e-02
4.183011133657742880e-02
4.758168176153518975e-02
4.864572487928259942e-02
5.201212246146857260e-02
4.520437694212732505e-02
5.784240248974753529e-02
6.690004357103608579e-02
6.381533657570705176e-02
6.429897309432615338e-02
5.505295739370193175e-02
6.839574863571068475e-02
6.580463400486234737e-02
7.872778044148703858e-02
6.963494507897657892e-02
6.546453839371446648e-02
6.918376866470887787e-02
7.175396397488664757e-02
7.148608066294494245e-02
8.078316120546215340e-02
9.389034962119635619e-02
7.860065768358663607e-02
8.153275435557526263e-02
8.990959554101793372e-02
9.790047616928498897e-02
8.676803503323363143e-02
8.572478491118450117e-02
9.620245324237261531e-02
9.421933007088906242e-02
8.944128263022119163e-02
9.528435774852818396e-02
1.003073734029999720e-01
7.363830125039638741e-02
8.508844750692970416e-02
3.088314892708182713e-01
9.110685099783552565e-02
1.024007214612842054e-01
1.034871989556011007e-01
1.036495041994310445e-01
1.094946303266760290e-01
1.124647936541116749e-01
1.151949382168557801e-01
1.105925694025729628e-01
1.162065292326000532e-01
1.257055114559839926e-01
1.283880974477982773e-01
1.319152516935598873e-01
1.530103087666567774e-01
1.617015940897633675e-01
1.305857523257596686e-01
1.360691671644628509e-01
1.311732730594530882e-01
1.361013693024175075e-01
1.433688332647921060e-01
1.427839401834793409e-01
1.636253843623508286e-01
1.656174918434561438e-01
1.087353714110556313e-01
1.153841319600446003e-01
1.126748783521862446e-01
1.213999530221131357e-01
1.299348045586994072e-01
1.231482017010423896e-01
1.258150030521921481e-01
1.334953353781044016e-01
1.390142885697271957e-01
1.462116694029423347e-01
1.428590467878445569e-01
1.460167694106699332e-01
1.700293064831095713e-01
1.604040831570089920e-01
1.699016511297549992e-01
1.795615846831991325e-01
1.938060049306047916e-01
2.034720834363411557e-01
2.038616194258082437e-01
1.954500811134755878e-01
2.106552031405271863e-01
2.166000134277489553e-01
1.619340945308644086e-01
1.694742206636137005e-01
1.697485980184008370e-01
1.657242633336784288e-01
1.737288589682865758e-01
1.909233925016296518e-01
1.991732768722863089e-01
2.121516460515680547e-01
1.980807773741911082e-01
2.171261981604889479e-01
2.330538014592245522e-01
2.195717574890735935e-01
2.666994273357010115e-01
2.463685818403804628e-01
2.587350378947564367e-01
1.718683931574042645e-01
1.875593140326554664e-01
1.862329929104118709e-01
1.998173209460632205e-01
1.845559990254446447e-01
1.590712216928804323e-01
1.478451041516531395e-01
1.395366451563779253e-01
1.395694802130469092e-01
2.694959423397942921e-01
2.649809358424408678e-01
1.943498159431887584e-01
1.781411103755254910e-01
1.509509294836244575e-01
1.506742178542752053e-01
1.633212955975849590e-01
1.299200083180064302e-01
1.293524581023045572e-01
1.244543781216852080e-01
1.215404123311339818e-01
1.141796660331732549e-01
1.360326170922860622e-01
1.275870150301599837e-01
1.332246430112763169e-01
1.840664864659966315e-01
1.844068668588054460e-01
1.232977280213627680e-01
1.116149367129096598e-01
1.054810989462719589e-01
1.087561495808936213e-01
1.073896605383108521e-01
9.386642067813749657e-02
8.493688863471690609e-02
1.994697282029006535e-01
8.914951772963529419e-02
8.507081039247256504e-02
9.050140023717030691e-02
8.200005205258457941e-02
8.330510764491141917e-02
1.067488416672162377e-01
2.054463314578918454e-01
1.004320604281711132e-01
1.077902420769937114e-01
8.623009326826681920e-02
2.193466165178749594e-01
9.806721018195546646e-02
1.193844892587128809e-01
1.203285588601280681e-01
1.321638114563176425e-01
1.307315242915919051e-01
1.260935816102520812e-01
1.405703683036469143e-01
1.466118933092171728e-01
2.288648879109605738e-01
1.356253871565783198e-01
1.308854603059939337e-01
1.350852645678024544e-01
1.412195873498949816e-01
1.091471790528261154e-01
1.109350410773121964e-01
2.334112211071741605e-01
1.199103121701655394e-01
1.010370739590569500e-01
2.409387323255620661e-01
2.482239475952644492e-01
1.037008192947304203e-01
2.616340889297626982e-01
1.233088221062404455e-01
1.293342759532391528e-01
1.351488107129905358e-01
1.121916894872339310e-01
1.173826215758526498e-01
1.209340647358355531e-01
1.210362356398811956e-01
2.418407857571105990e-01
1.891931961602972001e-01
2.774795414808692851e-01
2.860850984431109745e-01
1.759799539538322855e-01
1.790062666465726537e-01
1.857416167522199235e-01
1.698998456829172443e-01
2.363692964047603151e-01
2.508793189248629263e-01
3.071846221307187319e-01
2.089847964115221501e-01
2.581101353812342292e-01
1.562730723125324850e-01
1.457944862669233177e-01
2.875789896940278978e-01
1.653658198743908625e-01
1.752132458232509571e-01
2.267066541861385565e-01
2.071511103421577460e-01
2.278452875292543978e-01
2.183200490743844591e-01
2.166521605858902355e-01
8.064003193786760393e-02
6.831672149327042143e-02
6.994284060656594249e-02
8.726700529019233710e-02
8.290702075519044978e-02
6.789500458792280257e-02
6.449434908294032764e-02
7.227716025833381963e-02
6.971459169318945659e-02
4.382528474487939335e-02
4.392807227109708779e-02
4.553968179359606239e-02
4.366547587618117843e-02
4.827655437636632629e-02
5.330146099994251957e-02
4.801590214215367691e-02
5.071911971816044779e-02
4.716262991335621463e-02
5.331929413207098234e-02
5.645607111018478147e-02
3.347707862485055363e-02
3.347171244528521911e-02
2.690620892505637615e-02
3.486445117220989681e-02
3.328849934861739107e-02
4.033732752719643849e-02
3.750791524949650957e-02
4.259039000276101244e-02
4.299742537856249269e-02
3.894021923165740667e-02
4.523129325306333298e-02
6.115618305016564532e-02
5.350378202722620713e-02
5.264241697042661150e-02
6.827567238872706001e-02
7.113314564553241404e-02
7.106283156511197796e-02
5.986892592669645213e-02
6.126099468059758441e-02
6.591126318008756757e-02
6.688989297009445556e-02
6.740758682618772091e-02
7.152016536490925225e-02
5.152837672905869609e-02
5.265448076526221127e-02
5.256169156436998197e-02
5.884214089395668756e-02
6.449137549004931025e-02
2.923224182933368831e-01
6.566386379961260122e-02
9.710482102696259277e-02
1.056650990464606393e-01
2.997500598258598936e-01
1.030678744734058599e-01
8.804629267555198757e-02
9.248518769136779283e-02
9.873628063083675355e-02
1.078556476732149411e-01
1.018461869977198841e-01
1.034851866324415226e-01
1.070289647332285515e-01
1.126026510816211246e-01
8.601004915765816938e-02
3.122314113920101053e-01
7.696810274207915858e-02
7.987909080465967204e-02
8.795047586057992695e-02
1.039164874488604784e-01
1.012734831748522135e-01
1.129290072649492549e-01
1.181949357150205854e-01
1.124920727550723087e-01
8.621312684420635863e-02
7.900524973405786966e-02
7.849701570706668630e-02
1.166146905134145401e-01
1.097963079766313410e-01
1.062562576224103383e-01
1.076458434253154822e-01
2.778246304167515668e-02
1.998341706806090398e-02
2.838596070959724382e-02
2.903528365812057394e-02
2.276447827761359302e-02
2.781262505686491956e-02
2.650351361914557793e-02
3.397055654854357065e-02
3.920930765069424034e-02
3.091658499971131069e-02
3.091992394374913286e-02
2.999625568219626073e-02
3.333048105793337545e-02
3.577501926005949295e-02
3.831851489425249641e-02
3.999309278302815712e-02
4.185977777776023895e-02
4.061840723000977038e-02
2.682763729968476105e-02
1.652693811546460112e-02
1.405306025669766055e-02
2.526751070326523074e-02
1.776015332037167091e-02
1.541708161442132893e-02
1.701331710708088238e-02
1.800124666333081935e-02
1.959060848025295787e-02
2.057825403539163128e-02
2.448269511584194591e-02
1.829631121846357969e-02
1.849723177008199063e-02
2.977775598797617260e-02
3.107962431546246532e-02
3.210610311568418834e-02
3.319864249362521058e-02
3.514987024895602219e-02
3.347417591890990834e-02
4.504107700389656938e-02
4.921212806574196130e-02
4.989268493080541156e-02
5.293013078536258631e-02
4.233202356908688513e-02
5.715789666024822385e-02
5.687877966684871250e-02
6.399121461863616078e-02
5.067329535347749048e-02
6.692007875802366557e-02
6.536723220456711059e-02
6.627897361065525350e-02
6.354218191442605190e-02
6.900271991819291462e-02
6.207326507865556370e-02
6.795966104242860684e-02
7.049486417940362126e-02
2.595098883577074550e-02
2.575551663935109550e-02
1.731411827604655007e-02
1.977376275936146288e-02
2.229072354316584403e-02
2.463838543892178309e-02
2.097108423527037011e-02
2.002688514378947807e-02
1.808873710876415797e-02
2.255475515812730564e-02
3.223471754354355345e-02
2.937672508207862104e-02
3.762128780591621896e-02
3.088336992884711460e-02
4.338897019172198444e-02
4.743313248662604786e-02
4.212177625179327339e-02
4.597510562809816598e-02
4.731106575355465554e-02
3.606806210807748936e-02
4.515815003621907048e-02
4.610632450857622688e-02
4.840867403099152061e-02
3.260403977986173901e-02
3.383802892002625573e-02
3.927724082044696530e-02
3.220081513163181031e-02
3.550402502480353578e-02
3.822370311005440086e-02
4.166381675174085641e-02
4.769170661888047502e-02
4.277494089914236214e-02
4.387307947336856889e-02
5.036838007731724021e-02
5.020284584515787019e-02
5.785671673571319423e-02
4.788127360409102223e-02
5.946687263832056008e-02
6.196581326212050739e-02
7.284055540650799521e-02
7.705937703316921572e-02
6.735396582764194284e-02
6.348538698485424459e-02
6.517629510671109350e-02
7.342911083964942520e-02
6.909831395702413503e-02
8.175836409364890811e-02
8.230690595486772621e-02
8.622017033521534035e-02
7.314838690504137098e-02
7.176981522436184924e-02
7.426780494169413216e-02
7.720790709403642371e-02
8.322668223889438666e-02
8.440456582304547983e-02
9.784724770141277339e-02
9.398677874012270617e-02
8.111073534513728311e-02
9.754299482449640957e-02
9.486157441014865521e-02
1.036251193597417658e-01
1.040211473213270982e-01
1.284371024621355217e-01
1.186640475686508295e-01
1.229102918536622430e-01
1.271956218125546711e-01
8.998743409981119212e-02
8.369217946125988294e-02
1.052803004230299933e-01
9.043020204959560659e-02
1.176284025247071596e-01
1.267688304773161856e-01
1.238731178781994346e-01
1.187553402888430892e-01
1.321500274384150297e-01
1.330053815311951215e-01
8.382569484510375701e-02
1.049112222281116114e-01
1.361175535553367233e-01
1.467967874215976298e-01
1.261005846294628308e-01
1.447722955638454934e-01
1.571274997299270115e-01
1.262160772866022795e-01
1.292084513587064831e-01
1.280648345259693122e-01
1.355485203978539499e-01
1.309474923178753358e-01
1.503264624770013214e-01
1.564300369610457930e-01
1.670271510974186968e-01
1.782174445154887099e-01
1.950847058421429914e-01
2.023456674516559695e-01
1.946402714258969602e-01
2.324820658977255761e-01
1.843576693350977291e-01
1.981300928573978548e-01
2.067010161436054760e-01
2.099150849561435550e-01
2.163972648565136991e-01
2.282628983438038384e-01
2.388546961471106900e-01
1.294304225647684159e-01
1.395945310699700515e-01
1.398009717402539098e-01
1.484937616339366273e-01
1.591767317076532295e-01
1.614008160997272290e-01
1.666933092701588792e-01
1.706361079353298227e-01
1.845803211994540005e-01
1.691590203799244185e-01
1.854752658307851632e-01
1.409510626058818328e-01
1.585450961685682669e-01
1.455377044591288915e-01
1.473217639922587696e-01
1.939426143442153638e-01
1.959167854793743002e-01
2.182012520701793745e-01
2.400651840085801514e-01
2.360872756059415600e-01
2.055326963051384570e-01
2.143299801059435072e-01
2.055956964417536836e-01
2.291611138448167717e-01
2.451482678465931320e-01
2.438293010303946018e-01
2.556386065591005896e-01
2.622561474111465563e-01
2.813005188005681112e-01
2.511442300072214695e-01
2.667822729702817863e-01
2.957019266615825148e-01
2.999695488437181257e-01
2.790561735695798462e-01
2.682049473416408536e-01
2.805595951058093562e-01
3.074826161499011334e-01
3.149174950999302780e-01
3.122817137240284646e-01
2.939739527522572393e-01
2.668988886487024259e-01
2.593601835471435191e-01
2.487679016001418941e-01
2.414119430001223088e-01
2.593503548840510597e-01
2.275918106868600466e-01
2.176142811953949152e-01
2.213553292100320369e-01
2.313162260597673991e-01
2.272828392315366652e-01
2.836992698919462708e-01
3.080180865121610045e-01
3.130648949782040003e-01
2.309091622680974065e-01
2.740611403566712290e-01
2.779419123257522717e-01
2.548445174526806078e-01
2.555444996310647365e-01
2.257194416689872196e-01
2.327963144918797078e-01
2.633410043881203033e-01
2.540151234834234772e-01
2.541228699674687452e-01
3.009197993508973545e-01
2.739621737215888198e-01
1.858544886975426191e-01
1.869055353053133972e-01
2.074599889508004502e-01
1.881607163380453751e-01
1.689171861342941838e-01
1.573004873027422090e-01
1.635410438999136407e-01
1.707247764570151427e-01
1.646693400219194914e-01
1.631194568808688461e-01
2.005923303986164308e-01
1.541071207538983190e-01
1.756163342777384839e-01
1.708779820677303607e-01
1.294129909509500465e-01
1.127745842155163242e-01
1.119796594664094341e-01
1.012474291727105680e-01
1.153450918707645961e-01
1.159410012724061412e-01
1.140441236256711233e-01
1.098146645990791953e-01
1.051196703944235061e-01
1.397070915302386362e-01
1.400733521989801778e-01
1.210085434194088788e-01
1.231756498041733927e-01
1.185475496850802862e-01
1.124311075628821738e-01
1.082799402948720763e-01
1.093608717055635504e-01
1.185078290458554534e-01
1.770760307969575231e-01
1.758073553191239202e-01
1.759862692897403158e-01
1.659114717802145644e-01
1.957475715061040844e-01
1.827677080456705794e-01
1.791508204019204853e-01
1.749462651139241376e-01
1.390183386958499245e-01
1.430619173589707804e-01
1.516016902581418246e-01
1.437756033050150428e-01
1.277119227025544923e-01
1.264451653069203763e-01
1.144371186018439401e-01
1.313989342661144866e-01
1.499907070763173422e-01
1.659882871875495436e-01
1.443106533121460144e-01
1.382498735966704029e-01
1.517806391710832259e-01
1.568624056227994612e-01
1.438545300557720341e-01
1.418613097740382134e-01
9.412233867568078893e-02
8.759786892147895798e-02
8.426970407889533554e-02
8.168116934323767231e-02
7.151729448386844046e-02
7.941499940987603590e-02
7.369447055370217936e-02
9.887199717737961413e-02
9.329152700067006032e-02
8.995794280880757554e-02
8.109710041408088599e-02
7.299781881642045112e-02
8.593087106481930859e-02
8.487138002482869092e-02
8.018360136390004222e-02
7.837405866927277254e-02
7.961079628959852328e-02
6.142439797318973577e-02
7.007932822168029541e-02
5.850991283170260682e-02
5.785871438230918290e-02
5.904062501013171427e-02
5.650898097845225010e-02
5.664557172691429138e-02
5.773207982627281271e-02
5.738010419066719853e-02
5.249760416786272005e-02
4.961011923821388725e-02
5.195323411864151419e-02
4.939356745319619518e-02
4.805088770784900210e-02
7.042791465993386568e-02
6.873433299572366539e-02
6.528212642460587412e-02
6.671535232439729235e-02
6.258478153316077153e-02
6.311795214757565109e-02
5.839575545348116292e-02
1.007242672107820092e-01
8.870897107070517540e-02
1.032434840632214107e-01
1.038404666743034943e-01
9.859747623896746027e-02
9.586430092594765140e-02
7.545320090368169696e-02
7.595600436999043470e-02
7.488153614887402276e-02
6.916539667458058982e-02
7.411231980197260927e-02
7.267034967261000455e-02
6.760028617064414713e-02
9.100327267085568661e-02
7.843928536083211167e-02
8.500749181440635238e-02
8.249186457614142431e-02
7.823905915151536938e-02
4.950362342739747512e-02
4.722275107696247143e-02
4.235376025403195244e-02
4.407804824958774098e-02
4.365572983818168107e-02
4.280501351523650910e-02
4.181189800288208358e-02
3.802957312862249167e-02
3.746255805153035634e-02
3.536166949991850078e-02
3.469698087578251822e-02
5.289581318355036921e-02
5.471047108509570489e-02
5.490267353480759310e-02
5.770082605882601023e-02
4.801817154287275902e-02
5.483501765154370072e-02
5.391395864712599656e-02
5.491406201592489988e-02
5.253736756171505790e-02
5.608951929302188194e-02
3.662016286583331254e-02
3.490578509036500188e-02
3.827585460831558345e-02
4.085461439800201766e-02
4.027426225494122602e-02
3.847176702334501042e-02
3.242052368113957500e-02
4.116296196350101300e-02
4.459036467606689730e-02
4.612144299767815397e-02
4.807447244801384134e-02
5.195037910452231233e-02
4.605706599468659818e-02
4.813224291523751641e-02
5.653571937648550066e-02
5.092495775464569302e-02
5.421717933543986068e-02
5.141105650141971489e-02
5.660618969565865688e-02
6.058694903953351640e-02
6.262339028313013145e-02
6.322978862842194847e-02
6.819224079057495391e-02
5.801209227856115452e-02
6.556929839668122761e-02
8.172590735296592079e-02
7.223223201975668972e-02
8.363649002872010352e-02
7.843797927641234236e-02
7.404684598598357259e-02
7.799608533233701180e-02
8.001147725234553088e-02
8.249138994519414347e-02
5.876253326106924829e-02
6.282039760528593253e-02
6.744192370813738291e-02
7.085669212132346406e-02
6.752402401937813992e-02
6.766862905667961336e-02
6.446110193398686683e-02
6.427464053194933968e-02
6.615734659286677533e-02
8.148438730022378174e-02
7.877954552446066183e-02
8.204090184104483041e-02
8.634214899904908702e-02
8.049072543070590058e-02
8.642326967086964851e-02
1.063370480746955032e-01
1.050193978475818940e-01
9.925210819582935828e-02
1.051288957320531403e-01
9.831473346452203332e-02
1.210678009487722862e-01
1.143199280384673694e-01
1.157028548638772414e-01
9.350202170117662137e-02
1.009642769955788333e-01
1.003174040716390408e-01
9.893533828982592482e-02
9.744983271235010958e-02
9.323559714974212487e-02
9.685310352951538582e-02
8.907575649907337190e-02
9.210957371569254704e-02
9.689508382613538917e-02
8.668120734975728880e-02
1.089606139678580554e-01
1.075957933947796208e-01
1.100196525097386913e-01
1.041007887534989851e-01
1.098152301762757715e-01
1.302913285119669806e-01
1.243189137068272110e-01
1.245900774802825989e-01
1.299016975060121870e-01
1.319002691590597520e-01
1.265965170720351474e-01
9.255504544758111352e-02
9.714610150006065814e-02
8.643778446991261244e-02
9.302788313766580108e-02
9.587334429560258331e-02
1.106357062925825557e-01
1.020061458582487146e-01
1.033856984019295433e-01
1.025955141653689257e-01
9.851369515786941033e-02
9.827817808242925168e-02
1.069447445596178048e-01
1.060831450659198982e-01
9.921373375977565745e-02
1.064420332494713933e-01
1.078324422494079809e-01
1.124331997566329761e-01
1.372128011106517886e-01
1.339098149196083221e-01
1.240192859322750418e-01
1.292966349123687020e-01
1.423403171659510802e-01
1.427080465261326703e-01
2.064415470132622277e-01
1.996659114210571351e-01
2.023205969744650834e-01
1.947529506742141092e-01
2.331023909134339323e-01
2.014045093733863590e-01
2.048281325196520675e-01
2.200848067151775223e-01
1.714513974933226104e-01
1.698654418512210162e-01
1.742863280257949954e-01
1.935749138204256314e-01
1.985864868002351069e-01
1.764863024027118477e-01
1.757494789755137954e-01
