8.237232289950576717e-04
8.237232289950576717e-04
8.237232289950576717e-04
8.237232289950576717e-04
8.237232289950576717e-04
8.237232289950576717e-04
1.647446457990115343e-03
1.647446457990115343e-03
1.647446457990115343e-03
1.647446457990115343e-03
1.647446457990115343e-03
1.647446457990115343e-03
2.471169686985172798e-03
2.471169686985172798e-03
2.471169686985172798e-03
2.471169686985172798e-03
2.471169686985172798e-03
2.471169686985172798e-03
2.471169686985172798e-03
2.471169686985172798e-03
3.294892915980230687e-03
3.294892915980230687e-03
3.294892915980230687e-03
3.294892915980230687e-03
3.294892915980230687e-03
3.294892915980230687e-03
3.294892915980230687e-03
3.294892915980230687e-03
4.118616144975288142e-03
4.118616144975288142e-03
4.118616144975288142e-03
4.118616144975288142e-03
4.118616144975288142e-03
4.118616144975288142e-03
5.766062602965403919e-03
5.766062602965403919e-03
6.589785831960461374e-03
6.589785831960461374e-03
8.237232289950576283e-03
8.237232289950576283e-03
9.060955518945633738e-03
9.060955518945633738e-03
9.060955518945633738e-03
9.060955518945633738e-03
9.060955518945633738e-03
9.060955518945633738e-03
9.884678747940691193e-03
9.884678747940691193e-03
9.884678747940691193e-03
9.884678747940691193e-03
1.153212520593080610e-02
1.153212520593080610e-02
1.153212520593080610e-02
1.153212520593080610e-02
1.153212520593080610e-02
1.153212520593080610e-02
1.153212520593080610e-02
1.153212520593080610e-02
1.317957166392092101e-02
1.317957166392092101e-02
1.482701812191103592e-02
1.482701812191103592e-02
1.647446457990115257e-02
1.647446457990115257e-02
1.812191103789126748e-02
1.812191103789126748e-02
1.812191103789126748e-02
1.812191103789126748e-02
1.812191103789126748e-02
1.812191103789126748e-02
1.894563426688632493e-02
1.894563426688632493e-02
1.976935749588138239e-02
1.976935749588138239e-02
1.976935749588138239e-02
1.976935749588138239e-02
1.976935749588138239e-02
1.976935749588138239e-02
2.059308072487643984e-02
2.059308072487643984e-02
2.224052718286655475e-02
2.224052718286655475e-02
2.224052718286655475e-02
2.224052718286655475e-02
2.306425041186161221e-02
2.306425041186161221e-02
2.388797364085666966e-02
2.388797364085666966e-02
2.553542009884678457e-02
2.553542009884678457e-02
2.718286655683689948e-02
2.718286655683689948e-02
2.718286655683689948e-02
2.718286655683689948e-02
2.718286655683689948e-02
2.718286655683689948e-02
2.800658978583195693e-02
2.800658978583195693e-02
3.047775947281712930e-02
3.047775947281712930e-02
3.047775947281712930e-02
3.047775947281712930e-02
3.212520593080724768e-02
3.212520593080724768e-02
3.294892915980230513e-02
3.294892915980230513e-02
3.294892915980230513e-02
3.294892915980230513e-02
3.542009884678747750e-02
3.542009884678747750e-02
3.624382207578253495e-02
3.624382207578253495e-02
3.789126853377264986e-02
3.789126853377264986e-02
3.871499176276770732e-02
3.871499176276770732e-02
3.953871499176276477e-02
3.953871499176276477e-02
4.118616144975287968e-02
4.118616144975287968e-02
4.283360790774299459e-02
4.283360790774299459e-02
4.448105436573310950e-02
4.448105436573310950e-02
4.695222405271828187e-02
4.695222405271828187e-02
4.695222405271828187e-02
4.695222405271828187e-02
4.777594728171333932e-02
4.777594728171333932e-02
4.942339373970345423e-02
4.942339373970345423e-02
5.107084019769356914e-02
5.107084019769356914e-02
5.354200988467874150e-02
5.354200988467874150e-02
5.354200988467874150e-02
5.354200988467874150e-02
5.436573311367379896e-02
5.436573311367379896e-02
5.601317957166391387e-02
5.601317957166391387e-02
5.930807248764414369e-02
5.930807248764414369e-02
6.342668863261943790e-02
6.342668863261943790e-02
6.425041186161449536e-02
6.425041186161449536e-02
6.589785831960461027e-02
6.589785831960461027e-02
6.589785831960461027e-02
6.589785831960461027e-02
6.672158154859966772e-02
6.672158154859966772e-02
6.672158154859966772e-02
6.672158154859966772e-02
6.836902800658978263e-02
6.836902800658978263e-02
7.166392092257001245e-02
7.166392092257001245e-02
7.248764415156506991e-02
7.248764415156506991e-02
7.331136738056012736e-02
7.331136738056012736e-02
7.578253706754529972e-02
7.578253706754529972e-02
7.825370675453047209e-02
7.825370675453047209e-02
7.907742998352552954e-02
7.907742998352552954e-02
7.907742998352552954e-02
7.907742998352552954e-02
8.237232289950575936e-02
8.237232289950575936e-02
8.319604612850081682e-02
8.319604612850081682e-02
8.484349258649093173e-02
8.484349258649093173e-02
8.484349258649093173e-02
8.484349258649093173e-02
8.813838550247116155e-02
8.813838550247116155e-02
8.896210873146621900e-02
8.896210873146621900e-02
9.143327841845139137e-02
9.143327841845139137e-02
9.390444810543656373e-02
9.390444810543656373e-02
9.555189456342667864e-02
9.555189456342667864e-02
1.004942339373970234e-01
1.004942339373970234e-01
1.004942339373970234e-01
1.004942339373970234e-01
1.021416803953871383e-01
1.021416803953871383e-01
1.037891268533772532e-01
1.037891268533772532e-01
1.054365733113673681e-01
1.054365733113673681e-01
1.087314662273475979e-01
1.087314662273475979e-01
1.120263591433278277e-01
1.120263591433278277e-01
1.144975288303130001e-01
1.144975288303130001e-01
1.153212520593080576e-01
1.153212520593080576e-01
1.169686985172981725e-01
1.169686985172981725e-01
1.186161449752882874e-01
1.186161449752882874e-01
1.202635914332784023e-01
1.202635914332784023e-01
1.227347611202635747e-01
1.227347611202635747e-01
1.235584843492586321e-01
1.235584843492586321e-01
1.252059308072487609e-01
1.252059308072487609e-01
1.268533772652388758e-01
1.268533772652388758e-01
1.285008237232289907e-01
1.285008237232289907e-01
1.293245469522240620e-01
1.293245469522240620e-01
1.301482701812191334e-01
1.301482701812191334e-01
1.317957166392092483e-01
1.317957166392092483e-01
1.350906095551894781e-01
1.350906095551894781e-01
1.375617792421746644e-01
1.375617792421746644e-01
1.375617792421746644e-01
1.375617792421746644e-01
1.383855024711697357e-01
1.383855024711697357e-01
1.408566721581549219e-01
1.408566721581549219e-01
1.433278418451401082e-01
1.433278418451401082e-01
1.449752883031302231e-01
1.449752883031302231e-01
1.457990115321252944e-01
1.457990115321252944e-01
1.482701812191104807e-01
1.482701812191104807e-01
1.532125205930808254e-01
1.532125205930808254e-01
1.556836902800660116e-01
1.556836902800660116e-01
1.573311367380561265e-01
1.573311367380561265e-01
1.573311367380561265e-01
1.573311367380561265e-01
1.581548599670511979e-01
1.581548599670511979e-01
1.589785831960462692e-01
1.589785831960462692e-01
1.614497528830314554e-01
1.614497528830314554e-01
1.630971993410215704e-01
1.630971993410215704e-01
1.647446457990116853e-01
1.647446457990116853e-01
1.672158154859968715e-01
1.672158154859968715e-01
1.680395387149919428e-01
1.680395387149919428e-01
1.696869851729820577e-01
1.696869851729820577e-01
1.696869851729820577e-01
1.696869851729820577e-01
1.705107084019771291e-01
1.705107084019771291e-01
1.713344316309722004e-01
1.713344316309722004e-01
1.721581548599672717e-01
1.721581548599672717e-01
1.746293245469524580e-01
1.746293245469524580e-01
1.754530477759475293e-01
1.754530477759475293e-01
1.779242174629327156e-01
1.779242174629327156e-01
1.812191103789129454e-01
1.812191103789129454e-01
1.836902800658981316e-01
1.836902800658981316e-01
1.845140032948932030e-01
1.845140032948932030e-01
1.869851729818783892e-01
1.869851729818783892e-01
1.886326194398685041e-01
1.886326194398685041e-01
1.894563426688635754e-01
1.894563426688635754e-01
1.902800658978586468e-01
1.902800658978586468e-01
1.911037891268537181e-01
1.911037891268537181e-01
1.927512355848438330e-01
1.927512355848438330e-01
1.943986820428339479e-01
1.943986820428339479e-01
1.960461285008240628e-01
1.960461285008240628e-01
1.968698517298191342e-01
1.968698517298191342e-01
1.985172981878092491e-01
1.985172981878092491e-01
2.018121911037894789e-01
2.018121911037894789e-01
2.042833607907746651e-01
2.042833607907746651e-01
2.059308072487647800e-01
2.059308072487647800e-01
2.084019769357499663e-01
2.084019769357499663e-01
2.108731466227351525e-01
2.108731466227351525e-01
2.125205930807252674e-01
2.125205930807252674e-01
2.133443163097203388e-01
2.133443163097203388e-01
2.149917627677104537e-01
2.149917627677104537e-01
2.174629324546956399e-01
2.174629324546956399e-01
2.199341021416808262e-01
2.199341021416808262e-01
2.215815485996709411e-01
2.215815485996709411e-01
2.232289950576610560e-01
2.232289950576610560e-01
2.240527182866561273e-01
2.240527182866561273e-01
2.257001647446462422e-01
2.257001647446462422e-01
2.289950576606264721e-01
2.289950576606264721e-01
2.306425041186165870e-01
2.306425041186165870e-01
2.322899505766067019e-01
2.322899505766067019e-01
2.355848434925869317e-01
2.355848434925869317e-01
2.364085667215820030e-01
2.364085667215820030e-01
2.364085667215820030e-01
2.364085667215820030e-01
2.364085667215820030e-01
2.364085667215820030e-01
2.380560131795721179e-01
2.380560131795721179e-01
2.413509060955523478e-01
2.413509060955523478e-01
2.429983525535424627e-01
2.429983525535424627e-01
2.438220757825375340e-01
2.438220757825375340e-01
2.495881383855029501e-01
2.495881383855029501e-01
2.512355848434930650e-01
2.512355848434930650e-01
2.537067545304782512e-01
2.537067545304782512e-01
2.545304777594732948e-01
2.545304777594732948e-01
2.561779242174634375e-01
2.561779242174634375e-01
2.578253706754535801e-01
2.578253706754535801e-01
2.594728171334437228e-01
2.594728171334437228e-01
2.602965403624387664e-01
2.602965403624387664e-01
2.619439868204289090e-01
2.619439868204289090e-01
2.627677100494239526e-01
2.627677100494239526e-01
2.644151565074140953e-01
2.644151565074140953e-01
2.652388797364091388e-01
2.652388797364091388e-01
2.652388797364091388e-01
2.652388797364091388e-01
2.685337726523893687e-01
2.685337726523893687e-01
2.693574958813844122e-01
2.693574958813844122e-01
2.726523887973646421e-01
2.726523887973646421e-01
2.742998352553547847e-01
2.742998352553547847e-01
2.775947281713350145e-01
2.775947281713350145e-01
2.792421746293251572e-01
2.792421746293251572e-01
2.817133443163103435e-01
2.817133443163103435e-01
2.833607907743004861e-01
2.833607907743004861e-01
2.858319604612856724e-01
2.858319604612856724e-01
2.874794069192758150e-01
2.874794069192758150e-01
2.883031301482708586e-01
2.883031301482708586e-01
2.891268533772659022e-01
2.891268533772659022e-01
2.899505766062609458e-01
2.899505766062609458e-01
2.940691927512362192e-01
2.940691927512362192e-01
2.948929159802312627e-01
2.948929159802312627e-01
2.957166392092263063e-01
2.957166392092263063e-01
2.957166392092263063e-01
2.957166392092263063e-01
2.965403624382213499e-01
2.965403624382213499e-01
2.973640856672163935e-01
2.973640856672163935e-01
2.990115321252065361e-01
2.990115321252065361e-01
3.023064250411867659e-01
3.023064250411867659e-01
3.031301482701818095e-01
3.031301482701818095e-01
3.047775947281719522e-01
3.047775947281719522e-01
3.064250411861620949e-01
3.064250411861620949e-01
3.088962108731472811e-01
3.088962108731472811e-01
3.121911037891275109e-01
3.121911037891275109e-01
3.138385502471176536e-01
3.138385502471176536e-01
3.154859967051077962e-01
3.154859967051077962e-01
3.171334431630979389e-01
3.171334431630979389e-01
3.196046128500831252e-01
3.196046128500831252e-01
3.196046128500831252e-01
3.196046128500831252e-01
3.220757825370683114e-01
3.220757825370683114e-01
3.220757825370683114e-01
3.220757825370683114e-01
3.245469522240534976e-01
3.245469522240534976e-01
3.253706754530485412e-01
3.253706754530485412e-01
3.261943986820435848e-01
3.261943986820435848e-01
3.270181219110386284e-01
3.270181219110386284e-01
3.278418451400336719e-01
3.278418451400336719e-01
3.294892915980238146e-01
3.294892915980238146e-01
3.311367380560139573e-01
3.311367380560139573e-01
3.311367380560139573e-01
3.311367380560139573e-01
3.336079077429991435e-01
3.336079077429991435e-01
3.336079077429991435e-01
3.336079077429991435e-01
3.352553542009892862e-01
3.352553542009892862e-01
3.360790774299843298e-01
3.360790774299843298e-01
3.377265238879744724e-01
3.377265238879744724e-01
3.401976935749596587e-01
3.401976935749596587e-01
3.418451400329498013e-01
3.418451400329498013e-01
3.434925864909399440e-01
3.434925864909399440e-01
3.434925864909399440e-01
3.434925864909399440e-01
3.492586490939053601e-01
3.492586490939053601e-01
3.492586490939053601e-01
3.492586490939053601e-01
3.492586490939053601e-01
3.492586490939053601e-01
3.517298187808905463e-01
3.517298187808905463e-01
3.533772652388806890e-01
3.533772652388806890e-01
3.566721581548609188e-01
3.566721581548609188e-01
3.583196046128510615e-01
3.583196046128510615e-01
3.599670510708412041e-01
3.599670510708412041e-01
3.599670510708412041e-01
3.599670510708412041e-01
3.607907742998362477e-01
3.607907742998362477e-01
3.632619439868214339e-01
3.632619439868214339e-01
3.649093904448115766e-01
3.649093904448115766e-01
3.706754530477769927e-01
3.706754530477769927e-01
3.714991762767720362e-01
3.714991762767720362e-01
3.731466227347621789e-01
3.731466227347621789e-01
3.756177924217473652e-01
3.756177924217473652e-01
3.764415156507424087e-01
3.764415156507424087e-01
3.772652388797374523e-01
3.772652388797374523e-01
3.797364085667226385e-01
3.797364085667226385e-01
3.813838550247127812e-01
3.813838550247127812e-01
3.830313014827029239e-01
3.830313014827029239e-01
3.838550247116979675e-01
3.838550247116979675e-01
3.855024711696881101e-01
3.855024711696881101e-01
3.871499176276782528e-01
3.871499176276782528e-01
3.887973640856683955e-01
3.887973640856683955e-01
3.904448105436585381e-01
3.904448105436585381e-01
3.929159802306437244e-01
3.929159802306437244e-01
3.945634266886338670e-01
3.945634266886338670e-01
3.962108731466240097e-01
3.962108731466240097e-01
3.995057660626042395e-01
3.995057660626042395e-01
4.019769357495894258e-01
4.019769357495894258e-01
4.028006589785844693e-01
4.028006589785844693e-01
4.036243822075795129e-01
4.036243822075795129e-01
4.060955518945646991e-01
4.060955518945646991e-01
4.069192751235597427e-01
4.069192751235597427e-01
4.077429983525547863e-01
4.077429983525547863e-01
4.093904448105449290e-01
4.093904448105449290e-01
4.110378912685350716e-01
4.110378912685350716e-01
4.135090609555202579e-01
4.135090609555202579e-01
4.151565074135104005e-01
4.151565074135104005e-01
4.159802306425054441e-01
4.159802306425054441e-01
4.176276771004955868e-01
4.176276771004955868e-01
4.184514003294906304e-01
4.184514003294906304e-01
4.192751235584856739e-01
4.192751235584856739e-01
4.192751235584856739e-01
4.192751235584856739e-01
4.200988467874807175e-01
4.200988467874807175e-01
4.200988467874807175e-01
4.200988467874807175e-01
4.225700164744659038e-01
4.225700164744659038e-01
4.225700164744659038e-01
4.225700164744659038e-01
4.258649093904461336e-01
4.258649093904461336e-01
4.275123558484362762e-01
4.275123558484362762e-01
4.291598023064264189e-01
4.291598023064264189e-01
4.299835255354214625e-01
4.299835255354214625e-01
4.316309719934116051e-01
4.316309719934116051e-01
4.349258649093918350e-01
4.349258649093918350e-01
4.365733113673819776e-01
4.365733113673819776e-01
4.390444810543671639e-01
4.390444810543671639e-01
4.398682042833622075e-01
4.398682042833622075e-01
4.415156507413523501e-01
4.415156507413523501e-01
4.423393739703473937e-01
4.423393739703473937e-01
4.448105436573325799e-01
4.448105436573325799e-01
4.456342668863276235e-01
4.456342668863276235e-01
4.464579901153226671e-01
4.464579901153226671e-01
4.481054365733128098e-01
4.481054365733128098e-01
4.481054365733128098e-01
4.481054365733128098e-01
4.505766062602979960e-01
4.505766062602979960e-01
4.522240527182881387e-01
4.522240527182881387e-01
4.555189456342683685e-01
4.555189456342683685e-01
4.588138385502485983e-01
4.588138385502485983e-01
4.596375617792436419e-01
4.596375617792436419e-01
4.612850082372337845e-01
4.612850082372337845e-01
4.612850082372337845e-01
4.612850082372337845e-01
4.621087314662288281e-01
4.621087314662288281e-01
4.637561779242189708e-01
4.637561779242189708e-01
4.637561779242189708e-01
4.637561779242189708e-01
4.662273476112041570e-01
4.662273476112041570e-01
4.670510708401992006e-01
4.670510708401992006e-01
4.686985172981893433e-01
4.686985172981893433e-01
4.686985172981893433e-01
4.686985172981893433e-01
4.695222405271843868e-01
4.695222405271843868e-01
4.728171334431646167e-01
4.728171334431646167e-01
4.728171334431646167e-01
4.728171334431646167e-01
4.728171334431646167e-01
4.728171334431646167e-01
4.744645799011547593e-01
4.744645799011547593e-01
4.761120263591449020e-01
4.761120263591449020e-01
4.802306425041201754e-01
4.802306425041201754e-01
4.818780889621103181e-01
4.818780889621103181e-01
4.827018121911053616e-01
4.827018121911053616e-01
4.835255354201004052e-01
4.835255354201004052e-01
4.843492586490954488e-01
4.843492586490954488e-01
4.851729818780904924e-01
4.851729818780904924e-01
4.868204283360806350e-01
4.868204283360806350e-01
4.876441515650756786e-01
4.876441515650756786e-01
4.876441515650756786e-01
4.876441515650756786e-01
4.884678747940707222e-01
4.884678747940707222e-01
4.884678747940707222e-01
4.884678747940707222e-01
4.901153212520608649e-01
4.901153212520608649e-01
4.917627677100510075e-01
4.917627677100510075e-01
4.917627677100510075e-01
4.917627677100510075e-01
4.942339373970361938e-01
4.942339373970361938e-01
4.942339373970361938e-01
4.942339373970361938e-01
4.967051070840213800e-01
4.967051070840213800e-01
4.975288303130164236e-01
4.975288303130164236e-01
5.000000000000015543e-01
5.000000000000015543e-01
5.000000000000015543e-01
5.000000000000015543e-01
5.000000000000015543e-01
5.000000000000015543e-01
5.008237232289965979e-01
5.008237232289965979e-01
5.016474464579916415e-01
5.016474464579916415e-01
5.016474464579916415e-01
5.016474464579916415e-01
5.049423393739719268e-01
5.049423393739719268e-01
5.049423393739719268e-01
5.049423393739719268e-01
5.057660626029669704e-01
5.057660626029669704e-01
5.074135090609570575e-01
5.074135090609570575e-01
5.082372322899521011e-01
5.082372322899521011e-01
5.098846787479421883e-01
5.098846787479421883e-01
5.123558484349273190e-01
5.123558484349273190e-01
5.123558484349273190e-01
5.123558484349273190e-01
5.123558484349273190e-01
5.123558484349273190e-01
5.131795716639223626e-01
5.131795716639223626e-01
5.131795716639223626e-01
5.131795716639223626e-01
5.148270181219124497e-01
5.148270181219124497e-01
5.148270181219124497e-01
5.148270181219124497e-01
5.172981878088975805e-01
5.172981878088975805e-01
5.181219110378926240e-01
5.181219110378926240e-01
5.181219110378926240e-01
5.181219110378926240e-01
5.181219110378926240e-01
5.181219110378926240e-01
5.222405271828679529e-01
5.222405271828679529e-01
5.238879736408580401e-01
5.238879736408580401e-01
5.255354200988481272e-01
5.255354200988481272e-01
5.263591433278431708e-01
5.263591433278431708e-01
5.280065897858332580e-01
5.280065897858332580e-01
5.296540362438233451e-01
5.296540362438233451e-01
5.321252059308084759e-01
5.321252059308084759e-01
5.354200988467887612e-01
5.354200988467887612e-01
5.362438220757838048e-01
5.362438220757838048e-01
5.378912685337738919e-01
5.378912685337738919e-01
5.378912685337738919e-01
5.378912685337738919e-01
5.378912685337738919e-01
5.378912685337738919e-01
5.387149917627689355e-01
5.387149917627689355e-01
5.403624382207590227e-01
5.403624382207590227e-01
5.411861614497540662e-01
5.411861614497540662e-01
5.420098846787491098e-01
5.420098846787491098e-01
5.436573311367391970e-01
5.436573311367391970e-01
5.453047775947292841e-01
5.453047775947292841e-01
5.453047775947292841e-01
5.453047775947292841e-01
5.469522240527193713e-01
5.469522240527193713e-01
5.494233937397045020e-01
5.494233937397045020e-01
5.510708401976945892e-01
5.510708401976945892e-01
5.518945634266896327e-01
5.518945634266896327e-01
5.527182866556846763e-01
5.527182866556846763e-01
5.543657331136747635e-01
5.543657331136747635e-01
5.576606260296550488e-01
5.576606260296550488e-01
5.601317957166401795e-01
5.601317957166401795e-01
5.626029654036253103e-01
5.626029654036253103e-01
5.634266886326203538e-01
5.634266886326203538e-01
5.634266886326203538e-01
5.634266886326203538e-01
5.634266886326203538e-01
5.634266886326203538e-01
5.650741350906104410e-01
5.650741350906104410e-01
5.675453047775955717e-01
5.675453047775955717e-01
5.683690280065906153e-01
5.683690280065906153e-01
5.700164744645807025e-01
5.700164744645807025e-01
5.708401976935757460e-01
5.708401976935757460e-01
5.724876441515658332e-01
5.724876441515658332e-01
5.733113673805608768e-01
5.733113673805608768e-01
5.749588138385509639e-01
5.749588138385509639e-01
5.766062602965410511e-01
5.766062602965410511e-01
5.774299835255360946e-01
5.774299835255360946e-01
5.799011532125212254e-01
5.799011532125212254e-01
5.823723228995063561e-01
5.823723228995063561e-01
5.823723228995063561e-01
5.823723228995063561e-01
5.831960461285013997e-01
5.831960461285013997e-01
5.831960461285013997e-01
5.831960461285013997e-01
5.856672158154865304e-01
5.856672158154865304e-01
5.873146622734766176e-01
5.873146622734766176e-01
5.881383855024716611e-01
5.881383855024716611e-01
5.889621087314667047e-01
5.889621087314667047e-01
5.914332784184518355e-01
5.914332784184518355e-01
5.922570016474468790e-01
5.922570016474468790e-01
5.922570016474468790e-01
5.922570016474468790e-01
5.939044481054369662e-01
5.939044481054369662e-01
5.947281713344320098e-01
5.947281713344320098e-01
5.947281713344320098e-01
5.947281713344320098e-01
5.947281713344320098e-01
5.947281713344320098e-01
5.971993410214171405e-01
5.971993410214171405e-01
5.980230642504121841e-01
5.980230642504121841e-01
5.988467874794072277e-01
5.988467874794072277e-01
6.021416803953875130e-01
6.021416803953875130e-01
6.046128500823726437e-01
6.046128500823726437e-01
6.062602965403627309e-01
6.062602965403627309e-01
6.062602965403627309e-01
6.062602965403627309e-01
6.087314662273478616e-01
6.087314662273478616e-01
6.095551894563429052e-01
6.095551894563429052e-01
6.112026359143329923e-01
6.112026359143329923e-01
6.136738056013181231e-01
6.136738056013181231e-01
6.144975288303131666e-01
6.144975288303131666e-01
6.144975288303131666e-01
6.144975288303131666e-01
6.144975288303131666e-01
6.144975288303131666e-01
6.177924217462934520e-01
6.177924217462934520e-01
6.186161449752884955e-01
6.186161449752884955e-01
6.202635914332785827e-01
6.202635914332785827e-01
6.219110378912686699e-01
6.219110378912686699e-01
6.227347611202637134e-01
6.227347611202637134e-01
6.235584843492587570e-01
6.235584843492587570e-01
6.235584843492587570e-01
6.235584843492587570e-01
6.243822075782538006e-01
6.243822075782538006e-01
6.252059308072488442e-01
6.252059308072488442e-01
6.268533772652389313e-01
6.268533772652389313e-01
6.268533772652389313e-01
6.268533772652389313e-01
6.276771004942339749e-01
6.276771004942339749e-01
6.301482701812191056e-01
6.301482701812191056e-01
6.334431630971993910e-01
6.334431630971993910e-01
6.334431630971993910e-01
6.334431630971993910e-01
6.334431630971993910e-01
6.334431630971993910e-01
6.342668863261944345e-01
6.342668863261944345e-01
6.342668863261944345e-01
6.342668863261944345e-01
6.350906095551894781e-01
6.350906095551894781e-01
6.367380560131795653e-01
6.367380560131795653e-01
6.367380560131795653e-01
6.367380560131795653e-01
6.367380560131795653e-01
6.367380560131795653e-01
6.400329489291598506e-01
6.400329489291598506e-01
6.400329489291598506e-01
6.400329489291598506e-01
6.416803953871499377e-01
6.416803953871499377e-01
6.433278418451400249e-01
6.433278418451400249e-01
6.433278418451400249e-01
6.433278418451400249e-01
6.433278418451400249e-01
6.433278418451400249e-01
6.433278418451400249e-01
6.433278418451400249e-01
6.441515650741350685e-01
6.441515650741350685e-01
6.457990115321251556e-01
6.457990115321251556e-01
6.482701812191102864e-01
6.482701812191102864e-01
6.482701812191102864e-01
6.482701812191102864e-01
6.490939044481053299e-01
6.490939044481053299e-01
6.499176276771003735e-01
6.499176276771003735e-01
6.515650741350904607e-01
6.515650741350904607e-01
6.523887973640855042e-01
6.523887973640855042e-01
6.523887973640855042e-01
6.523887973640855042e-01
6.523887973640855042e-01
6.523887973640855042e-01
6.523887973640855042e-01
6.523887973640855042e-01
6.532125205930805478e-01
6.532125205930805478e-01
6.548599670510706350e-01
6.548599670510706350e-01
6.581548599670509203e-01
6.581548599670509203e-01
6.589785831960459639e-01
6.589785831960459639e-01
6.606260296540360510e-01
6.606260296540360510e-01
6.606260296540360510e-01
6.606260296540360510e-01
6.622734761120261382e-01
6.622734761120261382e-01
6.622734761120261382e-01
6.622734761120261382e-01
6.639209225700162254e-01
6.639209225700162254e-01
6.647446457990112689e-01
6.647446457990112689e-01
6.655683690280063125e-01
6.655683690280063125e-01
6.672158154859963997e-01
6.672158154859963997e-01
6.672158154859963997e-01
6.672158154859963997e-01
6.672158154859963997e-01
6.672158154859963997e-01
6.705107084019766850e-01
6.705107084019766850e-01
6.721581548599667721e-01
6.721581548599667721e-01
6.738056013179568593e-01
6.738056013179568593e-01
6.771004942339371446e-01
6.771004942339371446e-01
6.779242174629321882e-01
6.779242174629321882e-01
6.787479406919272318e-01
6.787479406919272318e-01
6.803953871499173189e-01
6.803953871499173189e-01
6.820428336079074061e-01
6.820428336079074061e-01
6.828665568369024497e-01
6.828665568369024497e-01
6.828665568369024497e-01
6.828665568369024497e-01
6.845140032948925368e-01
6.845140032948925368e-01
6.861614497528826240e-01
6.861614497528826240e-01
6.861614497528826240e-01
6.861614497528826240e-01
6.861614497528826240e-01
6.861614497528826240e-01
6.861614497528826240e-01
6.861614497528826240e-01
6.878088962108727111e-01
6.878088962108727111e-01
6.894563426688627983e-01
6.894563426688627983e-01
6.894563426688627983e-01
6.894563426688627983e-01
6.902800658978578419e-01
6.902800658978578419e-01
6.902800658978578419e-01
6.902800658978578419e-01
6.902800658978578419e-01
6.902800658978578419e-01
6.902800658978578419e-01
6.902800658978578419e-01
6.902800658978578419e-01
6.902800658978578419e-01
6.919275123558479290e-01
6.919275123558479290e-01
6.935749588138380162e-01
6.935749588138380162e-01
6.943986820428330597e-01
6.943986820428330597e-01
6.960461285008231469e-01
6.960461285008231469e-01
6.976935749588132341e-01
6.976935749588132341e-01
6.976935749588132341e-01
6.976935749588132341e-01
6.976935749588132341e-01
6.976935749588132341e-01
6.976935749588132341e-01
6.976935749588132341e-01
6.985172981878082776e-01
6.985172981878082776e-01
6.985172981878082776e-01
6.985172981878082776e-01
6.985172981878082776e-01
6.985172981878082776e-01
6.985172981878082776e-01
6.985172981878082776e-01
6.993410214168033212e-01
6.993410214168033212e-01
7.001647446457983648e-01
7.001647446457983648e-01
7.001647446457983648e-01
7.001647446457983648e-01
7.018121911037884519e-01
7.018121911037884519e-01
7.018121911037884519e-01
7.018121911037884519e-01
7.059308072487637808e-01
7.059308072487637808e-01
7.067545304777588244e-01
7.067545304777588244e-01
7.084019769357489116e-01
7.084019769357489116e-01
7.084019769357489116e-01
7.084019769357489116e-01
7.092257001647439552e-01
7.092257001647439552e-01
7.100494233937389987e-01
7.100494233937389987e-01
7.108731466227340423e-01
7.108731466227340423e-01
7.108731466227340423e-01
7.108731466227340423e-01
7.116968698517290859e-01
7.116968698517290859e-01
7.133443163097191730e-01
7.133443163097191730e-01
7.133443163097191730e-01
7.133443163097191730e-01
7.149917627677092602e-01
7.149917627677092602e-01
7.166392092256993473e-01
7.166392092256993473e-01
7.182866556836894345e-01
7.182866556836894345e-01
7.182866556836894345e-01
7.182866556836894345e-01
7.191103789126844781e-01
7.191103789126844781e-01
7.199341021416795217e-01
7.199341021416795217e-01
7.207578253706745652e-01
7.207578253706745652e-01
7.215815485996696088e-01
7.215815485996696088e-01
7.215815485996696088e-01
7.215815485996696088e-01
7.224052718286646524e-01
7.224052718286646524e-01
7.224052718286646524e-01
7.224052718286646524e-01
7.232289950576596960e-01
7.232289950576596960e-01
7.240527182866547395e-01
7.240527182866547395e-01
7.257001647446448267e-01
7.257001647446448267e-01
7.273476112026349139e-01
7.273476112026349139e-01
7.281713344316299574e-01
7.281713344316299574e-01
7.289950576606250010e-01
7.289950576606250010e-01
7.298187808896200446e-01
7.298187808896200446e-01
7.298187808896200446e-01
7.298187808896200446e-01
7.314662273476101317e-01
7.314662273476101317e-01
7.322899505766051753e-01
7.322899505766051753e-01
7.331136738056002189e-01
7.331136738056002189e-01
7.331136738056002189e-01
7.331136738056002189e-01
7.347611202635903060e-01
7.347611202635903060e-01
7.347611202635903060e-01
7.347611202635903060e-01
7.347611202635903060e-01
7.347611202635903060e-01
7.355848434925853496e-01
7.355848434925853496e-01
7.355848434925853496e-01
7.355848434925853496e-01
7.364085667215803932e-01
7.364085667215803932e-01
7.372322899505754368e-01
7.372322899505754368e-01
7.380560131795704804e-01
7.380560131795704804e-01
7.388797364085655239e-01
7.388797364085655239e-01
7.413509060955506547e-01
7.413509060955506547e-01
7.421746293245456982e-01
7.421746293245456982e-01
7.421746293245456982e-01
7.421746293245456982e-01
7.429983525535407418e-01
7.429983525535407418e-01
7.446457990115308290e-01
7.446457990115308290e-01
7.446457990115308290e-01
7.446457990115308290e-01
7.454695222405258725e-01
7.454695222405258725e-01
7.454695222405258725e-01
7.454695222405258725e-01
7.454695222405258725e-01
7.454695222405258725e-01
7.471169686985159597e-01
7.471169686985159597e-01
7.471169686985159597e-01
7.471169686985159597e-01
7.471169686985159597e-01
7.471169686985159597e-01
7.479406919275110033e-01
7.479406919275110033e-01
7.504118616144961340e-01
7.504118616144961340e-01
7.504118616144961340e-01
7.504118616144961340e-01
7.504118616144961340e-01
7.504118616144961340e-01
7.504118616144961340e-01
7.504118616144961340e-01
7.504118616144961340e-01
7.504118616144961340e-01
7.504118616144961340e-01
7.504118616144961340e-01
7.504118616144961340e-01
7.504118616144961340e-01
7.512355848434911776e-01
7.512355848434911776e-01
7.512355848434911776e-01
7.512355848434911776e-01
7.528830313014812647e-01
7.528830313014812647e-01
7.528830313014812647e-01
7.528830313014812647e-01
7.537067545304763083e-01
7.537067545304763083e-01
7.545304777594713519e-01
7.545304777594713519e-01
7.561779242174614390e-01
7.561779242174614390e-01
7.561779242174614390e-01
7.561779242174614390e-01
7.561779242174614390e-01
7.561779242174614390e-01
7.570016474464564826e-01
7.570016474464564826e-01
7.586490939044465698e-01
7.586490939044465698e-01
7.586490939044465698e-01
7.586490939044465698e-01
7.602965403624366569e-01
7.602965403624366569e-01
7.611202635914317005e-01
7.611202635914317005e-01
7.611202635914317005e-01
7.611202635914317005e-01
7.611202635914317005e-01
7.611202635914317005e-01
7.611202635914317005e-01
7.611202635914317005e-01
7.611202635914317005e-01
7.611202635914317005e-01
7.619439868204267441e-01
7.619439868204267441e-01
7.619439868204267441e-01
7.619439868204267441e-01
7.619439868204267441e-01
7.619439868204267441e-01
7.627677100494217877e-01
7.627677100494217877e-01
7.627677100494217877e-01
7.627677100494217877e-01
7.644151565074118748e-01
7.644151565074118748e-01
7.644151565074118748e-01
7.644151565074118748e-01
7.644151565074118748e-01
7.644151565074118748e-01
7.652388797364069184e-01
7.652388797364069184e-01
7.652388797364069184e-01
7.652388797364069184e-01
7.677100494233920491e-01
7.677100494233920491e-01
7.685337726523870927e-01
7.685337726523870927e-01
7.701812191103771799e-01
7.701812191103771799e-01
7.701812191103771799e-01
7.701812191103771799e-01
7.701812191103771799e-01
7.701812191103771799e-01
7.701812191103771799e-01
7.701812191103771799e-01
7.726523887973623106e-01
7.726523887973623106e-01
7.726523887973623106e-01
7.726523887973623106e-01
7.726523887973623106e-01
7.726523887973623106e-01
7.734761120263573542e-01
7.734761120263573542e-01
7.759472817133424849e-01
7.759472817133424849e-01
7.784184514003276156e-01
7.784184514003276156e-01
7.784184514003276156e-01
7.784184514003276156e-01
7.784184514003276156e-01
7.784184514003276156e-01
7.792421746293226592e-01
7.792421746293226592e-01
7.800658978583177028e-01
7.800658978583177028e-01
7.800658978583177028e-01
7.800658978583177028e-01
7.800658978583177028e-01
7.800658978583177028e-01
7.800658978583177028e-01
7.800658978583177028e-01
7.800658978583177028e-01
7.800658978583177028e-01
7.808896210873127464e-01
7.808896210873127464e-01
7.808896210873127464e-01
7.808896210873127464e-01
7.808896210873127464e-01
7.808896210873127464e-01
7.825370675453028335e-01
7.825370675453028335e-01
7.825370675453028335e-01
7.825370675453028335e-01
7.841845140032929207e-01
7.841845140032929207e-01
7.874794069192732060e-01
7.874794069192732060e-01
7.883031301482682496e-01
7.883031301482682496e-01
7.883031301482682496e-01
7.883031301482682496e-01
7.891268533772632932e-01
7.891268533772632932e-01
7.907742998352533803e-01
7.907742998352533803e-01
7.907742998352533803e-01
7.907742998352533803e-01
7.915980230642484239e-01
7.915980230642484239e-01
7.915980230642484239e-01
7.915980230642484239e-01
7.924217462932434675e-01
7.924217462932434675e-01
7.924217462932434675e-01
7.924217462932434675e-01
7.940691927512335546e-01
7.940691927512335546e-01
7.940691927512335546e-01
7.940691927512335546e-01
7.948929159802285982e-01
7.948929159802285982e-01
7.948929159802285982e-01
7.948929159802285982e-01
7.957166392092236418e-01
7.957166392092236418e-01
7.965403624382186853e-01
7.965403624382186853e-01
7.965403624382186853e-01
7.965403624382186853e-01
7.973640856672137289e-01
7.973640856672137289e-01
7.981878088962087725e-01
7.981878088962087725e-01
7.998352553541988597e-01
7.998352553541988597e-01
8.006589785831939032e-01
8.006589785831939032e-01
8.014827018121889468e-01
8.014827018121889468e-01
8.023064250411839904e-01
8.023064250411839904e-01
8.039538714991740775e-01
8.039538714991740775e-01
8.064250411861592083e-01
8.064250411861592083e-01
8.064250411861592083e-01
8.064250411861592083e-01
8.072487644151542519e-01
8.072487644151542519e-01
8.072487644151542519e-01
8.072487644151542519e-01
8.080724876441492954e-01
8.080724876441492954e-01
8.080724876441492954e-01
8.080724876441492954e-01
8.080724876441492954e-01
8.080724876441492954e-01
8.080724876441492954e-01
8.080724876441492954e-01
8.088962108731443390e-01
8.088962108731443390e-01
8.097199341021393826e-01
8.097199341021393826e-01
8.097199341021393826e-01
8.097199341021393826e-01
8.097199341021393826e-01
8.097199341021393826e-01
8.113673805601294697e-01
8.113673805601294697e-01
8.113673805601294697e-01
8.113673805601294697e-01
8.121911037891245133e-01
8.121911037891245133e-01
8.121911037891245133e-01
8.121911037891245133e-01
8.121911037891245133e-01
8.121911037891245133e-01
8.121911037891245133e-01
8.121911037891245133e-01
8.121911037891245133e-01
8.121911037891245133e-01
8.121911037891245133e-01
8.121911037891245133e-01
8.121911037891245133e-01
8.121911037891245133e-01
8.121911037891245133e-01
8.121911037891245133e-01
8.121911037891245133e-01
8.121911037891245133e-01
8.121911037891245133e-01
8.121911037891245133e-01
8.121911037891245133e-01
8.121911037891245133e-01
8.121911037891245133e-01
8.121911037891245133e-01
8.130148270181195569e-01
8.130148270181195569e-01
8.138385502471146005e-01
8.138385502471146005e-01
8.146622734761096440e-01
8.146622734761096440e-01
8.146622734761096440e-01
8.146622734761096440e-01
8.146622734761096440e-01
8.146622734761096440e-01
8.154859967051046876e-01
8.154859967051046876e-01
8.171334431630947748e-01
8.171334431630947748e-01
8.187808896210848619e-01
8.187808896210848619e-01
8.187808896210848619e-01
8.187808896210848619e-01
8.187808896210848619e-01
8.187808896210848619e-01
8.187808896210848619e-01
8.187808896210848619e-01
8.196046128500799055e-01
8.196046128500799055e-01
8.212520593080699927e-01
8.212520593080699927e-01
8.212520593080699927e-01
8.212520593080699927e-01
8.220757825370650362e-01
8.220757825370650362e-01
8.220757825370650362e-01
8.220757825370650362e-01
8.228995057660600798e-01
8.228995057660600798e-01
8.228995057660600798e-01
8.228995057660600798e-01
8.228995057660600798e-01
8.228995057660600798e-01
8.237232289950551234e-01
8.237232289950551234e-01
8.237232289950551234e-01
8.237232289950551234e-01
8.245469522240501670e-01
8.245469522240501670e-01
8.253706754530452105e-01
8.253706754530452105e-01
8.253706754530452105e-01
8.253706754530452105e-01
8.253706754530452105e-01
8.253706754530452105e-01
8.261943986820402541e-01
8.261943986820402541e-01
8.261943986820402541e-01
8.261943986820402541e-01
8.261943986820402541e-01
8.261943986820402541e-01
8.270181219110352977e-01
8.270181219110352977e-01
8.270181219110352977e-01
8.270181219110352977e-01
8.278418451400303413e-01
8.278418451400303413e-01
8.286655683690253849e-01
8.286655683690253849e-01
8.294892915980204284e-01
8.294892915980204284e-01
8.294892915980204284e-01
8.294892915980204284e-01
8.294892915980204284e-01
8.294892915980204284e-01
8.294892915980204284e-01
8.294892915980204284e-01
8.303130148270154720e-01
8.303130148270154720e-01
8.303130148270154720e-01
8.303130148270154720e-01
8.303130148270154720e-01
8.303130148270154720e-01
8.303130148270154720e-01
8.303130148270154720e-01
8.303130148270154720e-01
8.303130148270154720e-01
8.303130148270154720e-01
8.303130148270154720e-01
8.311367380560105156e-01
8.311367380560105156e-01
8.327841845140006027e-01
8.327841845140006027e-01
8.327841845140006027e-01
8.327841845140006027e-01
8.336079077429956463e-01
8.336079077429956463e-01
8.352553542009857335e-01
8.352553542009857335e-01
8.360790774299807770e-01
8.360790774299807770e-01
8.369028006589758206e-01
8.369028006589758206e-01
8.377265238879708642e-01
8.377265238879708642e-01
8.385502471169659078e-01
8.385502471169659078e-01
8.393739703459609514e-01
8.393739703459609514e-01
8.393739703459609514e-01
8.393739703459609514e-01
8.393739703459609514e-01
8.393739703459609514e-01
8.393739703459609514e-01
8.393739703459609514e-01
8.393739703459609514e-01
8.393739703459609514e-01
8.393739703459609514e-01
8.393739703459609514e-01
8.401976935749559949e-01
8.401976935749559949e-01
8.401976935749559949e-01
8.401976935749559949e-01
8.410214168039510385e-01
8.410214168039510385e-01
8.426688632619411257e-01
8.426688632619411257e-01
8.434925864909361692e-01
8.434925864909361692e-01
8.434925864909361692e-01
8.434925864909361692e-01
8.443163097199312128e-01
8.443163097199312128e-01
8.451400329489262564e-01
8.451400329489262564e-01
8.459637561779213000e-01
8.459637561779213000e-01
8.476112026359113871e-01
8.476112026359113871e-01
8.476112026359113871e-01
8.476112026359113871e-01
8.476112026359113871e-01
8.476112026359113871e-01
8.484349258649064307e-01
8.484349258649064307e-01
8.484349258649064307e-01
8.484349258649064307e-01
8.492586490939014743e-01
8.492586490939014743e-01
8.509060955518915614e-01
8.509060955518915614e-01
8.517298187808866050e-01
8.517298187808866050e-01
8.517298187808866050e-01
8.517298187808866050e-01
8.517298187808866050e-01
8.517298187808866050e-01
8.533772652388766922e-01
8.533772652388766922e-01
8.533772652388766922e-01
8.533772652388766922e-01
8.533772652388766922e-01
8.533772652388766922e-01
8.533772652388766922e-01
8.533772652388766922e-01
8.550247116968667793e-01
8.550247116968667793e-01
8.558484349258618229e-01
8.558484349258618229e-01
8.566721581548568665e-01
8.566721581548568665e-01
8.566721581548568665e-01
8.566721581548568665e-01
8.566721581548568665e-01
8.566721581548568665e-01
8.574958813838519101e-01
8.574958813838519101e-01
8.574958813838519101e-01
8.574958813838519101e-01
8.574958813838519101e-01
8.574958813838519101e-01
8.599670510708370408e-01
8.599670510708370408e-01
8.599670510708370408e-01
8.599670510708370408e-01
8.599670510708370408e-01
8.599670510708370408e-01
8.607907742998320844e-01
8.607907742998320844e-01
8.616144975288271279e-01
8.616144975288271279e-01
8.624382207578221715e-01
8.624382207578221715e-01
8.632619439868172151e-01
8.632619439868172151e-01
8.640856672158122587e-01
8.640856672158122587e-01
8.649093904448073022e-01
8.649093904448073022e-01
8.649093904448073022e-01
8.649093904448073022e-01
8.649093904448073022e-01
8.649093904448073022e-01
8.649093904448073022e-01
8.649093904448073022e-01
8.649093904448073022e-01
8.649093904448073022e-01
8.649093904448073022e-01
8.649093904448073022e-01
8.665568369027973894e-01
8.665568369027973894e-01
8.673805601317924330e-01
8.673805601317924330e-01
8.673805601317924330e-01
8.673805601317924330e-01
8.682042833607874766e-01
8.682042833607874766e-01
8.682042833607874766e-01
8.682042833607874766e-01
8.682042833607874766e-01
8.682042833607874766e-01
8.690280065897825201e-01
8.690280065897825201e-01
8.690280065897825201e-01
8.690280065897825201e-01
8.698517298187775637e-01
8.698517298187775637e-01
8.698517298187775637e-01
8.698517298187775637e-01
8.698517298187775637e-01
8.698517298187775637e-01
8.698517298187775637e-01
8.698517298187775637e-01
8.706754530477726073e-01
8.706754530477726073e-01
8.714991762767676509e-01
8.714991762767676509e-01
8.714991762767676509e-01
8.714991762767676509e-01
8.714991762767676509e-01
8.714991762767676509e-01
8.714991762767676509e-01
8.714991762767676509e-01
8.714991762767676509e-01
8.714991762767676509e-01
8.714991762767676509e-01
8.714991762767676509e-01
8.714991762767676509e-01
8.714991762767676509e-01
8.723228995057626944e-01
8.723228995057626944e-01
8.723228995057626944e-01
8.723228995057626944e-01
8.723228995057626944e-01
8.723228995057626944e-01
8.723228995057626944e-01
8.723228995057626944e-01
8.739703459637527816e-01
8.739703459637527816e-01
8.739703459637527816e-01
8.739703459637527816e-01
8.739703459637527816e-01
8.739703459637527816e-01
8.739703459637527816e-01
8.739703459637527816e-01
8.747940691927478252e-01
8.747940691927478252e-01
8.764415156507379123e-01
8.764415156507379123e-01
8.772652388797329559e-01
8.772652388797329559e-01
8.780889621087279995e-01
8.780889621087279995e-01
8.780889621087279995e-01
8.780889621087279995e-01
8.789126853377230431e-01
8.789126853377230431e-01
8.789126853377230431e-01
8.789126853377230431e-01
8.797364085667180866e-01
8.797364085667180866e-01
8.813838550247081738e-01
8.813838550247081738e-01
8.813838550247081738e-01
8.813838550247081738e-01
8.813838550247081738e-01
8.813838550247081738e-01
8.822075782537032174e-01
8.822075782537032174e-01
8.830313014826982609e-01
8.830313014826982609e-01
8.838550247116933045e-01
8.838550247116933045e-01
8.838550247116933045e-01
8.838550247116933045e-01
8.846787479406883481e-01
8.846787479406883481e-01
8.846787479406883481e-01
8.846787479406883481e-01
8.846787479406883481e-01
8.846787479406883481e-01
8.846787479406883481e-01
8.846787479406883481e-01
8.855024711696833917e-01
8.855024711696833917e-01
8.863261943986784352e-01
8.863261943986784352e-01
8.863261943986784352e-01
8.863261943986784352e-01
8.863261943986784352e-01
8.863261943986784352e-01
8.863261943986784352e-01
8.863261943986784352e-01
8.863261943986784352e-01
8.863261943986784352e-01
8.863261943986784352e-01
8.863261943986784352e-01
8.863261943986784352e-01
8.863261943986784352e-01
8.863261943986784352e-01
8.863261943986784352e-01
8.863261943986784352e-01
8.863261943986784352e-01
8.863261943986784352e-01
8.863261943986784352e-01
8.863261943986784352e-01
8.863261943986784352e-01
8.863261943986784352e-01
8.863261943986784352e-01
8.863261943986784352e-01
8.863261943986784352e-01
8.863261943986784352e-01
8.863261943986784352e-01
8.863261943986784352e-01
8.863261943986784352e-01
8.863261943986784352e-01
8.863261943986784352e-01
8.871499176276734788e-01
8.871499176276734788e-01
8.871499176276734788e-01
8.871499176276734788e-01
8.879736408566685224e-01
8.879736408566685224e-01
8.879736408566685224e-01
8.879736408566685224e-01
8.887973640856635660e-01
8.887973640856635660e-01
8.887973640856635660e-01
8.887973640856635660e-01
8.896210873146586096e-01
8.896210873146586096e-01
8.896210873146586096e-01
8.896210873146586096e-01
8.912685337726486967e-01
8.912685337726486967e-01
8.920922570016437403e-01
8.920922570016437403e-01
8.937397034596338274e-01
8.937397034596338274e-01
8.945634266886288710e-01
8.945634266886288710e-01
8.945634266886288710e-01
8.945634266886288710e-01
8.953871499176239146e-01
8.953871499176239146e-01
8.962108731466189582e-01
8.962108731466189582e-01
8.962108731466189582e-01
8.962108731466189582e-01
8.962108731466189582e-01
8.962108731466189582e-01
8.962108731466189582e-01
8.962108731466189582e-01
8.962108731466189582e-01
8.962108731466189582e-01
8.970345963756140018e-01
8.970345963756140018e-01
8.986820428336040889e-01
8.986820428336040889e-01
8.986820428336040889e-01
8.986820428336040889e-01
9.011532125205892196e-01
9.011532125205892196e-01
9.011532125205892196e-01
9.011532125205892196e-01
9.011532125205892196e-01
9.011532125205892196e-01
9.011532125205892196e-01
9.011532125205892196e-01
9.028006589785793068e-01
9.028006589785793068e-01
9.036243822075743504e-01
9.036243822075743504e-01
9.052718286655644375e-01
9.052718286655644375e-01
9.069192751235545247e-01
9.069192751235545247e-01
9.085667215815446118e-01
9.085667215815446118e-01
9.085667215815446118e-01
9.085667215815446118e-01
9.085667215815446118e-01
9.085667215815446118e-01
9.085667215815446118e-01
9.085667215815446118e-01
9.085667215815446118e-01
9.085667215815446118e-01
9.085667215815446118e-01
9.085667215815446118e-01
9.085667215815446118e-01
9.085667215815446118e-01
9.085667215815446118e-01
9.085667215815446118e-01
9.085667215815446118e-01
9.085667215815446118e-01
9.102141680395346990e-01
9.102141680395346990e-01
9.110378912685297426e-01
9.110378912685297426e-01
9.110378912685297426e-01
9.110378912685297426e-01
9.118616144975247861e-01
9.118616144975247861e-01
9.118616144975247861e-01
9.118616144975247861e-01
9.118616144975247861e-01
9.118616144975247861e-01
9.118616144975247861e-01
9.118616144975247861e-01
9.126853377265198297e-01
9.126853377265198297e-01
9.126853377265198297e-01
9.126853377265198297e-01
9.126853377265198297e-01
9.126853377265198297e-01
9.126853377265198297e-01
9.126853377265198297e-01
9.135090609555148733e-01
9.135090609555148733e-01
9.143327841845099169e-01
9.143327841845099169e-01
9.143327841845099169e-01
9.143327841845099169e-01
9.143327841845099169e-01
9.143327841845099169e-01
9.151565074135049604e-01
9.151565074135049604e-01
9.151565074135049604e-01
9.151565074135049604e-01
9.159802306425000040e-01
9.159802306425000040e-01
9.159802306425000040e-01
9.159802306425000040e-01
9.159802306425000040e-01
9.159802306425000040e-01
9.176276771004900912e-01
9.176276771004900912e-01
9.192751235584801783e-01
9.192751235584801783e-01
9.200988467874752219e-01
9.200988467874752219e-01
9.200988467874752219e-01
9.200988467874752219e-01
9.209225700164702655e-01
9.209225700164702655e-01
9.209225700164702655e-01
9.209225700164702655e-01
9.209225700164702655e-01
9.209225700164702655e-01
9.209225700164702655e-01
9.209225700164702655e-01
9.209225700164702655e-01
9.209225700164702655e-01
9.209225700164702655e-01
9.209225700164702655e-01
9.209225700164702655e-01
9.209225700164702655e-01
9.217462932454653091e-01
9.217462932454653091e-01
9.217462932454653091e-01
9.217462932454653091e-01
9.217462932454653091e-01
9.217462932454653091e-01
9.217462932454653091e-01
9.217462932454653091e-01
9.217462932454653091e-01
9.217462932454653091e-01
9.217462932454653091e-01
9.217462932454653091e-01
9.242174629324504398e-01
9.242174629324504398e-01
9.242174629324504398e-01
9.242174629324504398e-01
9.242174629324504398e-01
9.242174629324504398e-01
9.250411861614454834e-01
9.250411861614454834e-01
9.258649093904405269e-01
9.258649093904405269e-01
9.258649093904405269e-01
9.258649093904405269e-01
9.258649093904405269e-01
9.258649093904405269e-01
9.258649093904405269e-01
9.258649093904405269e-01
9.258649093904405269e-01
9.258649093904405269e-01
9.258649093904405269e-01
9.258649093904405269e-01
9.266886326194355705e-01
9.266886326194355705e-01
9.275123558484306141e-01
9.275123558484306141e-01
9.275123558484306141e-01
9.275123558484306141e-01
9.275123558484306141e-01
9.275123558484306141e-01
9.283360790774256577e-01
9.283360790774256577e-01
9.283360790774256577e-01
9.283360790774256577e-01
9.283360790774256577e-01
9.283360790774256577e-01
9.283360790774256577e-01
9.283360790774256577e-01
9.283360790774256577e-01
9.283360790774256577e-01
9.283360790774256577e-01
9.283360790774256577e-01
9.291598023064207013e-01
9.291598023064207013e-01
9.291598023064207013e-01
9.291598023064207013e-01
9.299835255354157448e-01
9.299835255354157448e-01
9.308072487644107884e-01
9.308072487644107884e-01
9.308072487644107884e-01
9.308072487644107884e-01
9.308072487644107884e-01
9.308072487644107884e-01
9.308072487644107884e-01
9.308072487644107884e-01
9.308072487644107884e-01
9.308072487644107884e-01
9.308072487644107884e-01
9.308072487644107884e-01
9.308072487644107884e-01
9.308072487644107884e-01
9.316309719934058320e-01
9.316309719934058320e-01
9.316309719934058320e-01
9.316309719934058320e-01
9.332784184513959191e-01
9.332784184513959191e-01
9.341021416803909627e-01
9.341021416803909627e-01
9.357495881383810499e-01
9.357495881383810499e-01
9.357495881383810499e-01
9.357495881383810499e-01
9.357495881383810499e-01
9.357495881383810499e-01
9.365733113673760935e-01
9.365733113673760935e-01
9.365733113673760935e-01
9.365733113673760935e-01
9.365733113673760935e-01
9.365733113673760935e-01
9.382207578253661806e-01
9.382207578253661806e-01
9.382207578253661806e-01
9.382207578253661806e-01
9.382207578253661806e-01
9.382207578253661806e-01
9.382207578253661806e-01
9.382207578253661806e-01
9.382207578253661806e-01
9.382207578253661806e-01
9.382207578253661806e-01
9.382207578253661806e-01
9.382207578253661806e-01
9.382207578253661806e-01
9.382207578253661806e-01
9.382207578253661806e-01
9.382207578253661806e-01
9.382207578253661806e-01
9.382207578253661806e-01
9.382207578253661806e-01
9.390444810543612242e-01
9.390444810543612242e-01
9.390444810543612242e-01
9.390444810543612242e-01
9.398682042833562678e-01
9.398682042833562678e-01
9.398682042833562678e-01
9.398682042833562678e-01
9.406919275123513113e-01
9.406919275123513113e-01
9.415156507413463549e-01
9.415156507413463549e-01
9.423393739703413985e-01
9.423393739703413985e-01
9.431630971993364421e-01
9.431630971993364421e-01
9.431630971993364421e-01
9.431630971993364421e-01
9.431630971993364421e-01
9.431630971993364421e-01
9.431630971993364421e-01
9.431630971993364421e-01
9.431630971993364421e-01
9.431630971993364421e-01
9.431630971993364421e-01
9.431630971993364421e-01
9.439868204283314856e-01
9.439868204283314856e-01
9.439868204283314856e-01
9.439868204283314856e-01
9.448105436573265292e-01
9.448105436573265292e-01
9.464579901153166164e-01
9.464579901153166164e-01
9.464579901153166164e-01
9.464579901153166164e-01
9.464579901153166164e-01
9.464579901153166164e-01
9.464579901153166164e-01
9.464579901153166164e-01
9.472817133443116600e-01
9.472817133443116600e-01
9.481054365733067035e-01
9.481054365733067035e-01
9.481054365733067035e-01
9.481054365733067035e-01
9.481054365733067035e-01
9.481054365733067035e-01
9.481054365733067035e-01
9.481054365733067035e-01
9.481054365733067035e-01
9.481054365733067035e-01
9.489291598023017471e-01
9.489291598023017471e-01
9.489291598023017471e-01
9.489291598023017471e-01
9.489291598023017471e-01
9.489291598023017471e-01
9.489291598023017471e-01
9.489291598023017471e-01
9.489291598023017471e-01
9.489291598023017471e-01
9.497528830312967907e-01
9.497528830312967907e-01
9.497528830312967907e-01
9.497528830312967907e-01
9.514003294892868778e-01
9.514003294892868778e-01
9.522240527182819214e-01
9.522240527182819214e-01
9.530477759472769650e-01
9.530477759472769650e-01
9.538714991762720086e-01
9.538714991762720086e-01
9.546952224052670521e-01
9.546952224052670521e-01
9.546952224052670521e-01
9.546952224052670521e-01
9.555189456342620957e-01
9.555189456342620957e-01
9.555189456342620957e-01
9.555189456342620957e-01
9.555189456342620957e-01
9.555189456342620957e-01
9.555189456342620957e-01
9.555189456342620957e-01
9.555189456342620957e-01
9.555189456342620957e-01
9.563426688632571393e-01
9.563426688632571393e-01
9.563426688632571393e-01
9.563426688632571393e-01
9.563426688632571393e-01
9.563426688632571393e-01
9.563426688632571393e-01
9.563426688632571393e-01
9.563426688632571393e-01
9.563426688632571393e-01
9.563426688632571393e-01
9.563426688632571393e-01
9.579901153212472265e-01
9.579901153212472265e-01
9.579901153212472265e-01
9.579901153212472265e-01
9.588138385502422700e-01
9.588138385502422700e-01
9.588138385502422700e-01
9.588138385502422700e-01
9.588138385502422700e-01
9.588138385502422700e-01
9.588138385502422700e-01
9.588138385502422700e-01
9.588138385502422700e-01
9.588138385502422700e-01
9.596375617792373136e-01
9.596375617792373136e-01
9.596375617792373136e-01
9.596375617792373136e-01
9.596375617792373136e-01
9.596375617792373136e-01
9.596375617792373136e-01
9.596375617792373136e-01
9.612850082372274008e-01
9.612850082372274008e-01
9.612850082372274008e-01
9.612850082372274008e-01
9.612850082372274008e-01
9.612850082372274008e-01
9.612850082372274008e-01
9.612850082372274008e-01
9.612850082372274008e-01
9.612850082372274008e-01
9.612850082372274008e-01
9.612850082372274008e-01
9.612850082372274008e-01
9.612850082372274008e-01
9.621087314662224443e-01
9.621087314662224443e-01
9.629324546952174879e-01
9.629324546952174879e-01
9.629324546952174879e-01
9.629324546952174879e-01
9.629324546952174879e-01
9.629324546952174879e-01
9.629324546952174879e-01
9.629324546952174879e-01
9.645799011532075751e-01
9.645799011532075751e-01
9.654036243822026186e-01
9.654036243822026186e-01
9.662273476111976622e-01
9.662273476111976622e-01
9.670510708401927058e-01
9.670510708401927058e-01
9.670510708401927058e-01
9.670510708401927058e-01
9.670510708401927058e-01
9.670510708401927058e-01
9.670510708401927058e-01
9.670510708401927058e-01
9.670510708401927058e-01
9.670510708401927058e-01
9.678747940691877494e-01
9.678747940691877494e-01
9.678747940691877494e-01
9.678747940691877494e-01
9.678747940691877494e-01
9.678747940691877494e-01
9.686985172981827930e-01
9.686985172981827930e-01
9.686985172981827930e-01
9.686985172981827930e-01
9.686985172981827930e-01
9.686985172981827930e-01
9.695222405271778365e-01
9.695222405271778365e-01
9.703459637561728801e-01
9.703459637561728801e-01
9.711696869851679237e-01
9.711696869851679237e-01
9.711696869851679237e-01
9.711696869851679237e-01
9.711696869851679237e-01
9.711696869851679237e-01
9.711696869851679237e-01
9.711696869851679237e-01
9.711696869851679237e-01
9.711696869851679237e-01
9.711696869851679237e-01
9.711696869851679237e-01
9.719934102141629673e-01
9.719934102141629673e-01
9.728171334431580108e-01
9.728171334431580108e-01
9.728171334431580108e-01
9.728171334431580108e-01
9.728171334431580108e-01
9.728171334431580108e-01
9.736408566721530544e-01
9.736408566721530544e-01
9.736408566721530544e-01
9.736408566721530544e-01
9.736408566721530544e-01
9.736408566721530544e-01
9.736408566721530544e-01
9.736408566721530544e-01
9.736408566721530544e-01
9.736408566721530544e-01
9.744645799011480980e-01
9.744645799011480980e-01
9.744645799011480980e-01
9.744645799011480980e-01
9.744645799011480980e-01
9.744645799011480980e-01
9.744645799011480980e-01
9.744645799011480980e-01
9.752883031301431416e-01
9.752883031301431416e-01
9.752883031301431416e-01
9.752883031301431416e-01
9.752883031301431416e-01
9.752883031301431416e-01
9.769357495881332287e-01
9.769357495881332287e-01
9.769357495881332287e-01
9.769357495881332287e-01
9.769357495881332287e-01
9.769357495881332287e-01
9.777594728171282723e-01
9.777594728171282723e-01
9.777594728171282723e-01
9.777594728171282723e-01
9.777594728171282723e-01
9.777594728171282723e-01
9.777594728171282723e-01
9.777594728171282723e-01
9.777594728171282723e-01
9.777594728171282723e-01
9.785831960461233159e-01
9.785831960461233159e-01
9.785831960461233159e-01
9.785831960461233159e-01
9.794069192751183595e-01
9.794069192751183595e-01
9.794069192751183595e-01
9.794069192751183595e-01
9.794069192751183595e-01
9.794069192751183595e-01
9.794069192751183595e-01
9.794069192751183595e-01
9.794069192751183595e-01
9.794069192751183595e-01
9.794069192751183595e-01
9.794069192751183595e-01
9.794069192751183595e-01
9.794069192751183595e-01
9.794069192751183595e-01
9.794069192751183595e-01
9.794069192751183595e-01
9.794069192751183595e-01
9.794069192751183595e-01
9.794069192751183595e-01
9.794069192751183595e-01
9.794069192751183595e-01
9.802306425041134030e-01
9.802306425041134030e-01
9.802306425041134030e-01
9.802306425041134030e-01
9.802306425041134030e-01
9.802306425041134030e-01
9.802306425041134030e-01
9.802306425041134030e-01
9.802306425041134030e-01
9.802306425041134030e-01
9.802306425041134030e-01
9.802306425041134030e-01
9.810543657331084466e-01
9.810543657331084466e-01
9.818780889621034902e-01
9.818780889621034902e-01
9.827018121910985338e-01
9.827018121910985338e-01
9.827018121910985338e-01
9.827018121910985338e-01
9.835255354200935773e-01
9.835255354200935773e-01
9.835255354200935773e-01
9.835255354200935773e-01
9.835255354200935773e-01
9.835255354200935773e-01
9.843492586490886209e-01
9.843492586490886209e-01
9.843492586490886209e-01
9.843492586490886209e-01
9.843492586490886209e-01
9.843492586490886209e-01
9.843492586490886209e-01
9.843492586490886209e-01
9.851729818780836645e-01
9.851729818780836645e-01
9.851729818780836645e-01
9.851729818780836645e-01
9.851729818780836645e-01
9.851729818780836645e-01
9.851729818780836645e-01
9.851729818780836645e-01
9.851729818780836645e-01
9.851729818780836645e-01
9.851729818780836645e-01
9.851729818780836645e-01
9.851729818780836645e-01
9.851729818780836645e-01
9.851729818780836645e-01
9.851729818780836645e-01
9.851729818780836645e-01
9.851729818780836645e-01
9.851729818780836645e-01
9.851729818780836645e-01
9.851729818780836645e-01
9.851729818780836645e-01
9.851729818780836645e-01
9.851729818780836645e-01
9.868204283360737517e-01
9.868204283360737517e-01
9.876441515650687952e-01
9.876441515650687952e-01
9.876441515650687952e-01
9.876441515650687952e-01
9.876441515650687952e-01
9.876441515650687952e-01
9.884678747940638388e-01
9.884678747940638388e-01
9.884678747940638388e-01
9.884678747940638388e-01
9.884678747940638388e-01
9.884678747940638388e-01
9.884678747940638388e-01
9.884678747940638388e-01
9.884678747940638388e-01
9.884678747940638388e-01
9.884678747940638388e-01
9.884678747940638388e-01
9.884678747940638388e-01
9.884678747940638388e-01
9.892915980230588824e-01
9.892915980230588824e-01
9.892915980230588824e-01
9.892915980230588824e-01
9.892915980230588824e-01
9.892915980230588824e-01
9.892915980230588824e-01
9.892915980230588824e-01
9.892915980230588824e-01
9.892915980230588824e-01
9.892915980230588824e-01
9.892915980230588824e-01
9.892915980230588824e-01
9.892915980230588824e-01
9.892915980230588824e-01
9.892915980230588824e-01
9.892915980230588824e-01
9.892915980230588824e-01
9.892915980230588824e-01
9.892915980230588824e-01
9.892915980230588824e-01
9.892915980230588824e-01
9.892915980230588824e-01
9.892915980230588824e-01
9.892915980230588824e-01
9.892915980230588824e-01
9.892915980230588824e-01
9.892915980230588824e-01
9.892915980230588824e-01
9.892915980230588824e-01
9.892915980230588824e-01
9.892915980230588824e-01
9.892915980230588824e-01
9.892915980230588824e-01
9.892915980230588824e-01
9.892915980230588824e-01
9.901153212520539260e-01
9.901153212520539260e-01
9.909390444810489695e-01
9.909390444810489695e-01
9.917627677100440131e-01
9.917627677100440131e-01
9.925864909390390567e-01
9.925864909390390567e-01
9.925864909390390567e-01
9.925864909390390567e-01
9.925864909390390567e-01
9.925864909390390567e-01
9.934102141680341003e-01
9.934102141680341003e-01
9.934102141680341003e-01
9.934102141680341003e-01
9.942339373970291438e-01
9.942339373970291438e-01
9.942339373970291438e-01
9.942339373970291438e-01
9.942339373970291438e-01
9.942339373970291438e-01
9.942339373970291438e-01
9.942339373970291438e-01
9.950576606260241874e-01
9.950576606260241874e-01
9.958813838550192310e-01
9.958813838550192310e-01
9.967051070840142746e-01
9.967051070840142746e-01
9.967051070840142746e-01
9.967051070840142746e-01
9.967051070840142746e-01
9.967051070840142746e-01
9.967051070840142746e-01
9.967051070840142746e-01
9.967051070840142746e-01
9.967051070840142746e-01
9.983525535420043617e-01
9.983525535420043617e-01
9.983525535420043617e-01
9.983525535420043617e-01
9.983525535420043617e-01
9.983525535420043617e-01
9.991762767709994053e-01
9.991762767709994053e-01
9.991762767709994053e-01
9.991762767709994053e-01
9.991762767709994053e-01
9.991762767709994053e-01
9.991762767709994053e-01
9.991762767709994053e-01
9.991762767709994053e-01
9.991762767709994053e-01
9.991762767709994053e-01
9.991762767709994053e-01
9.991762767709994053e-01
9.991762767709994053e-01
9.999999999999944489e-01
9.999999999999944489e-01
